17.68	1.79	0.00	-0.21	0.00	0	9.83	0	-16.35	0	6.52	52.00
17.73	1.57	0.00	-0.19	0.00	0	8.69	0	-14.35	0	5.66	44.00
17.77	1.35	0.00	-0.12	0.00	0	7.12	0	-12.30	0	5.18	44.00
17.82	1.16	0.00	-0.12	0.00	0	6.27	0	-10.56	0	4.29	44.00
17.86	1.01	0.00	-0.07	0.00	0	5.18	0	-9.26	0	4.08	44.00
17.91	0.86	0.00	-0.08	0.00	0	4.53	0	-7.86	0	3.32	44.00
17.95	0.77	0.00	-0.03	0.00	0	3.76	0	-6.99	0	3.23	44.00
17.99	0.64	0.00	-0.04	0.00	0	3.21	0	-5.81	0	2.60	44.00
18.04	0.58	0.00	-0.03	0.00	0	2.92	0	-5.34	0	2.42	44.00
18.08	0.48	0.00	-0.02	0.00	0	2.33	0	-4.35	0	2.03	44.00
18.12	0.45	0.00	-0.01	0.00	0	2.13	0	-4.07	0	1.94	44.00
18.17	0.36	0.00	-0.01	0.00	0	1.70	0	-3.24	0	1.54	44.00
18.21	0.34	0.00	0.01	0.00	0	1.44	0	-3.07	0	1.62	44.00
18.26	0.27	0.00	-0.00	0.00	0	1.26	0	-2.44	0	1.18	44.00
18.30	0.26	0.00	0.02	0.00	0	1.02	0	-2.34	0	1.32	44.00
18.34	0.19	0.00	0.01	0.00	0	0.79	0	-1.75	0	0.96	44.00
18.39	0.20	0.00	0.01	0.00	0	0.85	0	-1.80	0	0.95	44.00
18.43	0.14	0.00	0.01	0.00	0	0.59	0	-1.28	0	0.68	44.00
18.48	0.15	0.00	-0.02	0.00	0	0.81	0	-1.36	0	0.54	44.00
18.52	0.10	0.00	-0.00	0.00	0	0.48	0	-0.95	0	0.47	44.00
18.57	0.10	0.00	-0.04	0.00	0	0.76	0	-0.91	0	0.15	44.00
18.61	0.07	0.00	-0.02	0.00	0	0.44	0	-0.63	0	0.19	44.00
18.65	0.09	0.00	-0.03	0.00	0	0.67	0	-0.86	0	0.19	44.00
18.70	0.05	0.00	-0.05	0.00	0	0.62	0	-0.49	0	-0.13	44.00
18.74	0.06	0.00	-0.01	0.00	0	0.38	0	-0.53	0	0.15	44.00
18.78	0.01	0.00	-0.03	0.00	0	0.27	0	-0.14	0	-0.14	44.00
18.83	0.04	0.00	-0.01	0.00	0	0.26	0	-0.32	0	0.06	44.00
18.87	-0.00	0.00	-0.03	0.00	0	0.25	0	0.01	0	-0.27	44.00
18.92	0.01	0.00	-0.00	0.00	0	0.05	0	-0.06	0	0.02	44.00
18.96	-0.01	0.00	-0.03	0.00	0	0.22	0	0.08	0	-0.31	44.00
19.00	-0.03	0.00	0.00	0.00	0	-0.15	0	0.28	0	-0.13	44.00
19.05	-0.01	0.00	-0.01	0.00	0	0.07	0	0.05	0	-0.12	44.00
19.09	-0.03	0.00	0.01	0.00	0	-0.26	0	0.31	0	-0.05	44.00
19.14	-0.01	0.00	-0.01	0.00	0	-0.00	0	0.10	0	-0.10	44.00
19.18	-0.04	0.00	0.02	0.00	0	-0.32	0	0.34	0	-0.02	44.00
19.23	-0.04	0.00	-0.02	0.00	0	-0.04	0	0.36	0	-0.32	44.00
19.27	-0.03	0.00	0.01	0.00	0	-0.20	0	0.24	0	-0.03	44.00
19.31	-0.03	0.00	-0.02	0.00	0	0.05	0	0.29	0	-0.34	44.00
19.36	-0.02	0.00	0.01	0.00	0	-0.14	0	0.20	0	-0.05	44.00
19.40	-0.01	0.00	-0.03	0.00	0	0.20	0	0.09	0	-0.29	44.00
19.44	-0.02	0.00	-0.00	0.00	0	-0.06	0	0.16	0	-0.10	44.00
19.49	-0.01	0.00	-0.04	0.00	0	0.27	0	0.06	0	-0.34	44.00
19.53	-0.02	0.00	-0.01	0.00	0	-0.01	0	0.22	0	-0.21	44.00
19.58	-0.01	0.00	-0.04	0.00	0	0.32	0	0.07	0	-0.39	44.00
19.62	-0.01	0.00	-0.01	0.00	0	0.04	0	0.13	0	-0.17	44.00
19.67	-0.03	0.00	-0.05	0.00	0	0.24	0	0.28	0	-0.52	44.00
19.71	-0.02	0.00	-0.02	0.00	0	0.05	0	0.20	0	-0.25	44.00
19.75	-0.03	0.00	-0.06	0.00	0	0.30	0	0.28	0	-0.58	44.00
19.80	-0.02	0.00	-0.03	0.00	0	0.14	0	0.15	0	-0.30	44.00
19.84	-0.05	0.00	-0.05	0.00	0	0.18	0	0.43	0	-0.61	44.00
19.89	-0.02	0.00	-0.03	0.00	0	0.12	0	0.23	0	-0.35	44.00
19.93	-0.01	0.00	-0.07	0.00	0	0.54	0	0.11	0	-0.64	44.00
19.97	-0.01	0.00	-0.05	0.00	0	0.36	0	0.09	0	-0.45	44.00
20.02	-0.05	0.00	-0.07	0.00	0	0.34	0	0.50	0	-0.84	44.00
20.06	-0.06	0.00	-0.04	0.00	0	0.10	0	0.51	0	-0.60	44.00
20.10	-0.03	0.00	-0.08	0.00	0	0.45	0	0.32	0	-0.77	44.00
20.15	-0.03	0.00	-0.04	0.00	0	0.22	0	0.26	0	-0.47	44.00
20.19	-0.03	0.00	-0.08	0.00	0	0.45	0	0.31	0	-0.76	44.00
20.24	-0.02	0.00	-0.04	0.00	0	0.24	0	0.22	0	-0.46	44.00
20.28	-0.05	0.00	-0.07	0.00	0	0.34	0	0.43	0	-0.77	44.00
20.33	-0.03	0.00	-0.04	0.00	0	0.15	0	0.32	0	-0.47	44.00
20.37	-0.02	0.00	-0.08	0.00	0	0.49	0	0.22	0	-0.70	44.00
20.41	-0.03	0.00	-0.05	0.00	0	0.22	0	0.30	0	-0.52	44.00
20.46	0.01	0.00	-0.06	0.00	0	0.49	0	-0.11	0	-0.38	44.00
20.50	-0.01	0.00	-0.06	0.00	0	0.44	0	0.10	0	-0.54	44.00
20.55	0.01	0.00	-0.03	0.00	0	0.27	0	-0.13	0	-0.13	44.00
20.59	-0.02	0.00	-0.03	0.00	0	0.12	0	0.16	0	-0.28	44.00
20.63	0.02	0.00	-0.02	0.00	0	0.22	0	-0.16	0	-0.06	44.00
20.68	-0.01	0.00	-0.01	0.00	0	0.03	0	0.13	0	-0.17	44.00
20.72	0.02	0.00	-0.01	0.00	0	0.14	0	-0.18	0	0.04	44.00
20.76	-0.01	0.00	-0.00	0.00	0	-0.04	0	0.12	0	-0.08	44.00
20.81	0.02	0.00	-0.02	0.00	0	0.25	0	-0.16	0	-0.08	44.00
20.85	-0.01	0.00	-0.01	0.00	0	-0.00	0	0.10	0	-0.09	44.00
20.90	0.02	0.00	-0.03	0.00	0	0.30	0	-0.16	0	-0.14	44.00
20.94	-0.02	0.00	-0.03	0.00	0	0.12	0	0.16	0	-0.29	44.00
20.99	0.01	0.00	-0.01	0.00	0	0.12	0	-0.11	0	-0.01	44.00
21.03	-0.02	0.00	-0.01	0.00	0	-0.06	0	0.21	0	-0.15	44.00
21.07	0.00	0.00	-0.03	0.00	0	0.27	0	-0.01	0	-0.26	44.00
21.12	-0.01	0.00	-0.00	0.00	0	-0.01	0	0.06	0	-0.05	44.00
21.16	0.02	0.00	-0.03	0.00	0	0.32	0	-0.14	0	-0.18	44.00
21.20	-0.02	0.00	-0.03	0.00	0	0.11	0	0.19	0	-0.30	44.00
21.25	0.01	0.00	0.00	0.00	0	0.00	0	-0.06	0	0.06	44.00
21.29	-0.03	0.00	0.01	0.00	0	-0.18	0	0.26	0	-0.08	44.00
21.34	0.00	0.00	0.01	0.00	0	-0.05	0	-0.03	0	0.09	44.00
21.38	-0.03	0.00	0.02	0.00	0	-0.32	0	0.28	0	0.04	44.00
21.42	-0.00	0.00	0.01	0.00	0	-0.11	0	0.00	0	0.11	44.00
21.47	-0.03	0.00	0.03	0.00	0	-0.40	0	0.29	0	0.11	44.00
21.51	-0.00	0.00	0.02	0.00	0	-0.16	0	0.03	0	0.13	44.00
21.56	-0.03	0.00	0.04	0.00	0	-0.46	0	0.31	0	0.15	44.00
21.60	-0.01	0.00	0.02	0.00	0	-0.19	0	0.08	0	0.11	44.00
21.65	-0.03	0.00	0.04	0.00	0	-0.50	0	0.30	0	0.20	44.00
21.69	0.00	0.00	0.04	0.00	0	-0.29	0	-0.01	0	0.31	44.00
21.73	-0.03	0.00	0.04	0.00	0	-0.47	0	0.28	0	0.20	44.00
21.78	0.00	0.00	0.03	0.00	0	-0.23	0	-0.03	0	0.26	44.00
21.82	-0.02	0.00	0.05	0.00	0	-0.52	0	0.20	0	0.31	44.00
21.86	-0.01	0.00	0.02	0.00	0	-0.19	0	0.12	0	0.08	44.00
21.91	-0.04	0.00	0.04	0.00	0	-0.49	0	0.38	0	0.11	44.00
21.95	-0.02	0.00	0.01	0.00	0	-0.19	0	0.18	0	0.01	44.00
22.00	-0.03	0.00	0.05	0.00	0	-0.51	0	0.30	0	0.21	44.00
22.04	-0.03	0.00	0.01	0.00	0	-0.25	0	0.31	0	-0.06	44.00
22.08	-0.04	0.00	0.05	0.00	0	-0.52	0	0.32	0	0.20	44.00
22.13	-0.04	0.00	0.01	0.00	0	-0.26	0	0.34	0	-0.08	44.00
22.17	-0.04	0.00	0.05	0.00	0	-0.53	0	0.34	0	0.18	44.00
22.22	-0.05	0.00	0.01	0.00	0	-0.32	0	0.45	0	-0.13	44.00
22.26	-0.06	0.00	0.05	0.00	0	-0.63	0	0.52	0	0.11	44.00
22.31	-0.06	0.00	0.01	0.00	0	-0.39	0	0.55	0	-0.17	44.00
22.35	-0.06	0.00	0.05	0.00	0	-0.67	0	0.59	0	0.09	44.00
22.39	-0.03	0.00	0.03	0.00	0	-0.35	0	0.27	0	0.09	44.00
22.44	-0.05	0.00	0.05	0.00	0	-0.60	0	0.45	0	0.14	44.00
22.48	-0.03	0.00	0.01	0.00	0	-0.24	0	0.32	0	-0.08	44.00
22.52	-0.04	0.00	0.04	0.00	0	-0.48	0	0.37	0	0.11	44.00
22.57	-0.05	0.00	-0.00	0.00	0	-0.20	0	0.43	0	-0.22	44.00
22.61	-0.04	0.00	0.03	0.00	0	-0.38	0	0.34	0	0.04	44.00
22.66	-0.03	0.00	-0.01	0.00	0	-0.02	0	0.25	0	-0.22	44.00
22.70	-0.03	0.00	0.02	0.00	0	-0.24	0	0.25	0	-0.00	44.00
22.75	-0.03	0.00	-0.02	0.00	0	0.04	0	0.28	0	-0.32	44.00
22.79	-0.02	0.00	0.01	0.00	0	-0.14	0	0.20	0	-0.05	44.00
22.83	-0.03	0.00	-0.03	0.00	0	0.07	0	0.31	0	-0.39	44.00
22.88	-0.03	0.00	0.00	0.00	0	-0.15	0	0.27	0	-0.12	44.00
22.92	-0.05	0.00	-0.03	0.00	0	0.01	0	0.45	0	-0.46	44.00
22.97	-0.06	0.00	0.00	0.00	0	-0.29	0	0.51	0	-0.22	44.00
23.01	-0.06	0.00	-0.03	0.00	0	-0.07	0	0.58	0	-0.52	44.00
23.05	-0.06	0.00	0.00	0.00	0	-0.31	0	0.54	0	-0.23	44.00
23.10	-0.08	0.00	-0.02	0.00	0	-0.17	0	0.72	0	-0.55	44.00
23.14	-0.07	0.00	0.01	0.00	0	-0.37	0	0.63	0	-0.26	44.00
23.18	-0.09	0.00	-0.02	0.00	0	-0.27	0	0.84	0	-0.58	44.00
23.23	-0.08	0.00	0.01	0.00	0	-0.49	0	0.77	0	-0.28	44.00
23.27	-0.10	0.00	-0.02	0.00	0	-0.30	0	0.89	0	-0.58	44.00
23.32	-0.08	0.00	0.01	0.00	0	-0.48	0	0.75	0	-0.28	44.00
23.36	-0.09	0.00	-0.02	0.00	0	-0.24	0	0.81	0	-0.57	44.00
23.41	-0.09	0.00	0.01	0.00	0	-0.51	0	0.82	0	-0.31	44.00
23.45	-0.07	0.00	-0.02	0.00	0	-0.19	0	0.68	0	-0.49	44.00
23.49	-0.09	0.00	0.01	0.00	0	-0.48	0	0.78	0	-0.30	44.00
23.54	-0.06	0.00	-0.02	0.00	0	-0.16	0	0.56	0	-0.40	44.00
23.58	-0.07	0.00	0.02	0.00	0	-0.45	0	0.64	0	-0.18	44.00
23.62	-0.07	0.00	-0.02	0.00	0	-0.17	0	0.62	0	-0.45	44.00
23.67	-0.05	0.00	0.01	0.00	0	-0.33	0	0.45	0	-0.12	44.00
23.71	-0.06	0.00	-0.02	0.00	0	-0.11	0	0.51	0	-0.40	44.00
23.76	-0.04	0.00	0.01	0.00	0	-0.31	0	0.39	0	-0.09	44.00
23.80	-0.06	0.00	-0.02	0.00	0	-0.14	0	0.52	0	-0.38	44.00
23.84	-0.04	0.00	0.02	0.00	0	-0.32	0	0.39	0	-0.07	44.00
23.89	-0.04	0.00	-0.02	0.00	0	-0.01	0	0.32	0	-0.31	44.00
23.93	-0.04	0.00	0.01	0.00	0	-0.26	0	0.33	0	-0.07	44.00
23.98	-0.04	0.00	-0.02	0.00	0	-0.01	0	0.37	0	-0.37	44.00
24.02	-0.05	0.00	0.01	0.00	0	-0.32	0	0.48	0	-0.17	44.00
24.07	-0.03	0.00	-0.02	0.00	0	-0.01	0	0.30	0	-0.29	44.00
24.11	-0.06	0.00	0.00	0.00	0	-0.29	0	0.54	0	-0.25	44.00
24.15	-0.02	0.00	-0.00	0.00	0	-0.09	0	0.22	0	-0.13	44.00
24.20	-0.06	0.00	-0.00	0.00	0	-0.23	0	0.52	0	-0.29	44.00
24.24	-0.02	0.00	0.01	0.00	0	-0.22	0	0.22	0	-0.01	44.00
24.28	-0.04	0.00	-0.02	0.00	0	-0.07	0	0.38	0	-0.31	44.00
24.33	-0.02	0.00	0.01	0.00	0	-0.17	0	0.18	0	-0.01	44.00
24.37	-0.05	0.00	-0.00	0.00	0	-0.20	0	0.47	0	-0.27	44.00
24.42	-0.04	0.00	0.03	0.00	0	-0.39	0	0.33	0	0.06	44.00
24.46	-0.03	0.00	-0.00	0.00	0	-0.12	0	0.31	0	-0.19	44.00
24.50	-0.04	0.00	0.03	0.00	0	-0.43	0	0.40	0	0.03	44.00
24.55	-0.02	0.00	0.00	0.00	0	-0.12	0	0.20	0	-0.08	44.00
24.59	-0.06	0.00	0.01	0.00	0	-0.35	0	0.52	0	-0.17	44.00
24.64	-0.04	0.00	-0.02	0.00	0	-0.03	0	0.34	0	-0.31	44.00
24.68	-0.05	0.00	0.01	0.00	0	-0.32	0	0.50	0	-0.18	44.00
24.73	-0.03	0.00	-0.02	0.00	0	-0.01	0	0.26	0	-0.25	44.00
24.77	-0.05	0.00	0.01	0.00	0	-0.30	0	0.43	0	-0.12	44.00
24.81	-0.03	0.00	-0.02	0.00	0	0.01	0	0.26	0	-0.27	44.00
24.86	-0.06	0.00	-0.00	0.00	0	-0.26	0	0.54	0	-0.28	44.00
24.90	-0.02	0.00	-0.00	0.00	0	-0.11	0	0.22	0	-0.11	44.00
24.94	-0.05	0.00	-0.01	0.00	0	-0.14	0	0.50	0	-0.36	44.00
24.99	-0.03	0.00	0.01	0.00	0	-0.20	0	0.27	0	-0.07	44.00
25.03	-0.06	0.00	-0.01	0.00	0	-0.19	0	0.52	0	-0.34	44.00
25.08	-0.02	0.00	-0.00	0.00	0	-0.09	0	0.21	0	-0.12	44.00
25.12	-0.05	0.00	0.02	0.00	0	-0.38	0	0.50	0	-0.12	44.00
25.17	-0.03	0.00	-0.00	0.00	0	-0.13	0	0.27	0	-0.15	44.00
25.21	-0.06	0.00	0.02	0.00	0	-0.43	0	0.55	0	-0.12	44.00
25.25	-0.03	0.00	0.00	0.00	0	-0.18	0	0.30	0	-0.12	44.00
25.30	-0.07	0.00	0.01	0.00	0	-0.39	0	0.63	0	-0.24	44.00
25.34	-0.04	0.00	0.00	0.00	0	-0.20	0	0.35	0	-0.15	44.00
25.39	-0.07	0.00	0.02	0.00	0	-0.46	0	0.66	0	-0.20	44.00
25.43	-0.04	0.00	0.00	0.00	0	-0.21	0	0.40	0	-0.19	44.00
25.47	-0.07	0.00	0.02	0.00	0	-0.52	0	0.66	0	-0.14	44.00
25.52	-0.08	0.00	-0.02	0.00	0	-0.22	0	0.69	0	-0.47	44.00
25.56	-0.06	0.00	0.01	0.00	0	-0.34	0	0.54	0	-0.19	44.00
25.60	-0.07	0.00	-0.03	0.00	0	-0.12	0	0.64	0	-0.53	44.00
25.65	-0.06	0.00	0.00	0.00	0	-0.30	0	0.55	0	-0.25	44.00
25.69	-0.08	0.00	-0.03	0.00	0	-0.11	0	0.70	0	-0.58	44.00
25.74	-0.05	0.00	-0.01	0.00	0	-0.16	0	0.46	0	-0.31	44.00
25.78	-0.09	0.00	-0.02	0.00	0	-0.27	0	0.79	0	-0.52	44.00
25.83	-0.05	0.00	-0.02	0.00	0	-0.10	0	0.50	0	-0.40	44.00
25.87	-0.09	0.00	-0.02	0.00	0	-0.23	0	0.82	0	-0.59	44.00
25.91	-0.06	0.00	-0.01	0.00	0	-0.19	0	0.55	0	-0.36	44.00
25.96	-0.09	0.00	-0.02	0.00	0	-0.26	0	0.85	0	-0.59	44.00
26.00	-0.06	0.00	-0.01	0.00	0	-0.23	0	0.58	0	-0.34	44.00
26.05	-0.09	0.00	-0.02	0.00	0	-0.25	0	0.85	0	-0.60	44.00
26.09	-0.07	0.00	-0.00	0.00	0	-0.28	0	0.61	0	-0.33	44.00
26.13	-0.07	0.00	-0.04	0.00	0	-0.00	0	0.66	0	-0.66	44.00
26.18	-0.07	0.00	-0.01	0.00	0	-0.20	0	0.61	0	-0.41	44.00
26.22	-0.08	0.00	-0.05	0.00	0	0.02	0	0.73	0	-0.75	44.00
26.26	-0.07	0.00	-0.02	0.00	0	-0.14	0	0.63	0	-0.48	44.00
26.31	-0.03	0.00	-0.05	0.00	0	0.29	0	0.25	0	-0.54	44.00
26.35	-0.04	0.00	-0.04	0.00	0	0.11	0	0.35	0	-0.46	44.00
26.40	0.01	0.00	-0.05	0.00	0	0.41	0	-0.10	0	-0.31	44.00
26.44	0.01	0.00	-0.01	0.00	0	0.12	0	-0.09	0	-0.03	44.00
26.49	0.00	0.00	-0.04	0.00	0	0.32	0	-0.01	0	-0.32	44.00
26.53	-0.00	0.00	-0.00	0.00	0	0.03	0	0.02	0	-0.05	44.00
26.57	-0.04	0.00	-0.03	0.00	0	0.03	0	0.35	0	-0.38	44.00
26.62	-0.03	0.00	0.00	0.00	0	-0.13	0	0.25	0	-0.12	44.00
26.66	-0.06	0.00	-0.03	0.00	0	-0.04	0	0.50	0	-0.46	44.00
26.70	-0.04	0.00	-0.00	0.00	0	-0.18	0	0.37	0	-0.19	44.00
26.75	-0.04	0.00	-0.04	0.00	0	0.10	0	0.41	0	-0.51	44.00
26.79	-0.03	0.00	-0.01	0.00	0	-0.07	0	0.30	0	-0.23	44.00
26.84	-0.07	0.00	-0.03	0.00	0	-0.08	0	0.63	0	-0.55	44.00
26.88	-0.06	0.00	-0.00	0.00	0	-0.24	0	0.51	0	-0.26	44.00
26.92	-0.04	0.00	-0.04	0.00	0	0.14	0	0.34	0	-0.48	44.00
26.97	-0.03	0.00	-0.01	0.00	0	-0.06	0	0.30	0	-0.24	44.00
27.01	-0.02	0.00	-0.05	0.00	0	0.29	0	0.18	0	-0.47	44.00
27.06	-0.03	0.00	-0.02	0.00	0	0.04	0	0.29	0	-0.33	44.00
27.10	0.01	0.00	-0.04	0.00	0	0.33	0	-0.08	0	-0.25	44.00
27.15	-0.02	0.00	-0.05	0.00	0	0.29	0	0.17	0	-0.47	44.00
27.19	0.02	0.00	-0.04	0.00	0	0.41	0	-0.16	0	-0.25	44.00
27.23	-0.01	0.00	-0.03	0.00	0	0.19	0	0.11	0	-0.30	44.00
27.28	0.02	0.00	-0.02	0.00	0	0.28	0	-0.22	0	-0.06	44.00
27.32	-0.01	0.00	-0.02	0.00	0	0.15	0	0.06	0	-0.21	44.00
27.36	0.02	0.00	0.01	0.00	0	0.05	0	-0.20	0	0.15	44.00
27.41	0.00	0.00	-0.01	0.00	0	0.09	0	-0.00	0	-0.08	44.00
27.45	-0.02	0.00	0.04	0.00	0	-0.41	0	0.23	0	0.18	44.00
27.50	-0.01	0.00	0.03	0.00	0	-0.26	0	0.12	0	0.15	44.00
27.54	-0.06	0.00	0.04	0.00	0	-0.58	0	0.56	0	0.02	44.00
27.58	-0.06	0.00	0.00	0.00	0	-0.30	0	0.54	0	-0.24	44.00
27.63	-0.04	0.00	0.03	0.00	0	-0.42	0	0.33	0	0.09	44.00
27.67	-0.05	0.00	0.00	0.00	0	-0.26	0	0.44	0	-0.18	44.00
27.72	-0.03	0.00	0.04	0.00	0	-0.44	0	0.29	0	0.15	44.00
27.76	-0.06	0.00	0.02	0.00	0	-0.48	0	0.59	0	-0.11	44.00
27.81	-0.04	0.00	0.05	0.00	0	-0.55	0	0.37	0	0.18	44.00
27.85	-0.06	0.00	0.02	0.00	0	-0.46	0	0.59	0	-0.12	44.00
27.89	-0.03	0.00	0.04	0.00	0	-0.44	0	0.30	0	0.13	44.00
27.94	-0.07	0.00	0.03	0.00	0	-0.57	0	0.61	0	-0.04	44.00
27.98	-0.04	0.00	0.01	0.00	0	-0.28	0	0.33	0	-0.05	44.00
28.02	-0.06	0.00	0.04	0.00	0	-0.57	0	0.51	0	0.06	44.00
28.07	-0.02	0.00	0.03	0.00	0	-0.32	0	0.18	0	0.13	44.00
28.11	-0.05	0.00	0.03	0.00	0	-0.49	0	0.46	0	0.03	44.00
28.16	-0.02	0.00	0.06	0.00	0	-0.51	0	0.14	0	0.37	44.00
28.20	-0.04	0.00	0.04	0.00	0	-0.49	0	0.35	0	0.14	44.00
28.25	-0.00	0.00	0.06	0.00	0	-0.48	0	0.03	0	0.45	44.00
28.29	-0.02	0.00	0.04	0.00	0	-0.40	0	0.21	0	0.19	44.00
28.33	-0.01	0.00	0.07	0.00	0	-0.58	0	0.05	0	0.53	44.00
28.38	-0.02	0.00	0.04	0.00	0	-0.41	0	0.16	0	0.26	44.00
28.42	-0.02	0.00	0.08	0.00	0	-0.73	0	0.18	0	0.55	44.00
28.47	-0.04	0.00	0.05	0.00	0	-0.61	0	0.37	0	0.24	44.00
28.51	-0.03	0.00	0.08	0.00	0	-0.78	0	0.23	0	0.55	44.00
28.55	-0.06	0.00	0.07	0.00	0	-0.78	0	0.52	0	0.26	44.00
28.60	-0.02	0.00	0.06	0.00	0	-0.56	0	0.21	0	0.36	44.00
28.64	-0.05	0.00	0.07	0.00	0	-0.82	0	0.46	0	0.36	44.00
28.68	-0.02	0.00	0.07	0.00	0	-0.60	0	0.15	0	0.46	44.00
28.73	-0.05	0.00	0.06	0.00	0	-0.70	0	0.45	0	0.25	44.00
28.77	-0.02	0.00	0.08	0.00	0	-0.69	0	0.17	0	0.52	44.00
28.82	-0.03	0.00	0.04	0.00	0	-0.50	0	0.31	0	0.18	44.00
28.86	-0.06	0.00	0.08	0.00	0	-0.87	0	0.53	0	0.34	44.00
28.91	-0.05	0.00	0.05	0.00	0	-0.62	0	0.48	0	0.14	44.00
28.95	-0.09	0.00	0.07	0.00	0	-0.95	0	0.86	0	0.09	44.00
28.99	-0.07	0.00	0.06	0.00	0	-0.78	0	0.67	0	0.11	44.00
29.04	-0.12	0.00	0.06	0.00	0	-1.01	0	1.07	0	-0.06	44.00
29.08	-0.10	0.00	0.04	0.00	0	-0.76	0	0.87	0	-0.11	44.00
29.12	-0.05	0.00	0.08	0.00	0	-0.86	0	0.44	0	0.42	44.00
29.17	-0.05	0.00	0.07	0.00	0	-0.80	0	0.47	0	0.34	44.00
29.21	0.01	0.00	0.07	0.00	0	-0.48	0	-0.08	0	0.56	44.00
29.26	-0.00	0.00	0.07	0.00	0	-0.55	0	0.01	0	0.54	44.00
29.30	0.00	0.00	0.01	0.00	0	-0.07	0	-0.01	0	0.07	44.00
29.34	-0.01	0.00	0.02	0.00	0	-0.19	0	0.09	0	0.10	44.00
29.39	0.04	0.00	-0.00	0.00	0	0.19	0	-0.33	0	0.14	44.00
29.43	0.02	0.00	0.01	0.00	0	0.04	0	-0.18	0	0.14	44.00
29.48	-0.05	0.00	-0.02	0.00	0	-0.06	0	0.43	0	-0.37	44.00
29.52	-0.05	0.00	-0.01	0.00	0	-0.15	0	0.47	0	-0.32	44.00
29.57	-0.09	0.00	-0.05	0.00	0	-0.01	0	0.86	0	-0.84	44.00
29.61	-0.10	0.00	-0.04	0.00	0	-0.16	0	0.89	0	-0.73	44.00
29.65	-0.04	0.00	-0.03	0.00	0	0.10	0	0.35	0	-0.45	44.00
29.70	-0.05	0.00	-0.02	0.00	0	-0.05	0	0.45	0	-0.40	44.00
29.74	-0.04	0.00	-0.07	0.00	0	0.39	0	0.33	0	-0.72	44.00
29.78	-0.05	0.00	-0.05	0.00	0	0.21	0	0.44	0	-0.64	44.00
29.83	0.00	0.00	-0.06	0.00	0	0.49	0	-0.01	0	-0.49	44.00
29.87	-0.02	0.00	-0.06	0.00	0	0.39	0	0.18	0	-0.56	44.00
29.92	0.03	0.00	-0.07	0.00	0	0.64	0	-0.24	0	-0.41	44.00
29.96	0.01	0.00	-0.04	0.00	0	0.39	0	-0.08	0	-0.32	44.00
30.00	-0.03	0.00	-0.09	0.00	0	0.54	0	0.27	0	-0.81	44.00
30.05	-0.04	0.00	-0.06	0.00	0	0.28	0	0.39	0	-0.67	44.00
30.09	0.00	0.00	-0.06	0.00	0	0.52	0	-0.03	0	-0.49	44.00
30.14	-0.01	0.00	-0.04	0.00	0	0.25	0	0.11	0	-0.35	44.00
30.18	0.02	0.00	-0.05	0.00	0	0.53	0	-0.22	0	-0.31	44.00
30.23	-0.00	0.00	-0.05	0.00	0	0.37	0	0.04	0	-0.41	44.00
30.27	0.03	0.00	-0.04	0.00	0	0.49	0	-0.30	0	-0.18	44.00
30.31	0.00	0.00	-0.05	0.00	0	0.39	0	-0.04	0	-0.35	44.00
30.36	0.03	0.00	-0.01	0.00	0	0.26	0	-0.28	0	0.02	44.00
30.40	0.01	0.00	-0.03	0.00	0	0.30	0	-0.09	0	-0.21	44.00
30.44	0.04	0.00	-0.01	0.00	0	0.26	0	-0.38	0	0.12	44.00
30.49	0.02	0.00	-0.02	0.00	0	0.23	0	-0.14	0	-0.09	44.00
30.53	0.05	0.00	-0.00	0.00	0	0.22	0	-0.43	0	0.21	44.00
30.58	0.02	0.00	-0.01	0.00	0	0.14	0	-0.16	0	0.02	44.00
30.62	0.05	0.00	0.01	0.00	0	0.15	0	-0.45	0	0.30	44.00
30.67	0.02	0.00	0.01	0.00	0	0.01	0	-0.16	0	0.15	44.00
30.71	0.04	0.00	0.04	0.00	0	-0.17	0	-0.37	0	0.53	44.00
30.75	0.02	0.00	0.03	0.00	0	-0.12	0	-0.19	0	0.30	44.00
30.80	0.03	0.00	0.07	0.00	0	-0.42	0	-0.26	0	0.67	44.00
30.84	0.03	0.00	0.04	0.00	0	-0.20	0	-0.28	0	0.48	44.00
30.89	0.00	0.00	0.08	0.00	0	-0.59	0	-0.03	0	0.61	44.00
30.93	0.01	0.00	0.05	0.00	0	-0.35	0	-0.13	0	0.48	44.00
30.97	0.01	0.00	0.09	0.00	0	-0.70	0	-0.09	0	0.79	44.00
