19.32	-0.44	0.00	-0.08	0.00	0	-1.35	0	3.98	0	-2.63	44.00
19.36	0.06	0.00	0.03	0.00	0	0.04	0	-0.52	0	0.48	44.00
19.40	-0.43	0.00	0.17	0.00	0	-3.26	0	3.90	0	-0.64	44.00
19.45	0.01	0.00	-0.08	0.00	0	0.72	0	-0.09	0	-0.63	44.00
19.49	-0.35	0.00	-0.43	0.00	0	1.80	0	3.24	0	-5.04	44.00
19.54	-0.02	0.00	-0.06	0.00	0	0.40	0	0.14	0	-0.55	44.00
19.58	-0.01	0.00	0.44	0.00	0	-3.54	0	0.06	0	3.48	44.00
19.62	-0.18	0.00	-0.03	0.00	0	-0.57	0	1.62	0	-1.05	44.00
19.67	0.31	0.00	-0.16	0.00	0	2.67	0	-2.83	0	0.17	44.00
19.71	-0.19	0.00	-0.15	0.00	0	0.30	0	1.77	0	-2.06	44.00
19.76	0.24	0.00	0.10	0.00	0	0.33	0	-2.24	0	1.91	44.00
19.80	-0.20	0.00	-0.15	0.00	0	0.26	0	1.78	0	-2.05	44.00
19.84	0.29	0.00	-0.01	0.00	0	1.36	0	-2.64	0	1.27	44.00
19.89	-0.21	0.00	-0.09	0.00	0	-0.26	0	1.91	0	-1.64	44.00
19.93	0.29	0.00	-0.06	0.00	0	1.79	0	-2.69	0	0.90	44.00
19.98	-0.19	0.00	-0.20	0.00	0	0.71	0	1.73	0	-2.43	44.00
20.02	0.00	0.00	0.27	0.00	0	-2.11	0	-0.02	0	2.13	44.00
20.06	-0.08	0.00	-0.23	0.00	0	1.43	0	0.76	0	-2.19	44.00
20.11	0.10	0.00	0.24	0.00	0	-1.48	0	-0.88	0	2.36	44.00
20.15	-0.12	0.00	-0.21	0.00	0	1.16	0	1.07	0	-2.23	44.00
20.20	0.21	0.00	0.17	0.00	0	-0.33	0	-1.96	0	2.29	44.00
20.24	-0.21	0.00	-0.11	0.00	0	-0.09	0	1.90	0	-1.81	44.00
20.28	0.22	0.00	0.15	0.00	0	-0.17	0	-2.04	0	2.21	44.00
20.33	-0.18	0.00	-0.15	0.00	0	0.41	0	1.62	0	-2.03	44.00
20.37	0.33	0.00	-0.12	0.00	0	2.44	0	-2.97	0	0.53	44.00
20.42	-0.18	0.00	-0.09	0.00	0	-0.12	0	1.62	0	-1.50	44.00
20.46	0.11	0.00	0.33	0.00	0	-2.13	0	-0.96	0	3.09	44.00
20.50	-0.04	0.00	-0.15	0.00	0	0.99	0	0.40	0	-1.40	44.00
20.55	-0.09	0.00	0.35	0.00	0	-3.17	0	0.79	0	2.39	44.00
20.59	0.02	0.00	-0.14	0.00	0	1.22	0	-0.20	0	-1.01	44.00
20.64	-0.24	0.00	0.29	0.00	0	-3.39	0	2.19	0	1.19	44.00
20.68	-0.07	0.00	-0.19	0.00	0	1.15	0	0.64	0	-1.79	44.00
20.72	0.12	0.00	0.28	0.00	0	-1.64	0	-1.14	0	2.78	44.00
20.77	-0.21	0.00	-0.09	0.00	0	-0.24	0	1.96	0	-1.72	44.00
20.81	0.27	0.00	0.04	0.00	0	0.96	0	-2.49	0	1.53	44.00
20.86	-0.23	0.00	0.01	0.00	0	-1.16	0	2.11	0	-0.95	44.00
20.90	0.24	0.00	-0.16	0.00	0	2.38	0	-2.21	0	-0.17	44.00
20.94	-0.22	0.00	0.04	0.00	0	-1.29	0	2.03	0	-0.74	44.00
20.99	0.28	0.00	0.06	0.00	0	0.85	0	-2.57	0	1.72	44.00
21.03	-0.19	0.00	-0.13	0.00	0	0.16	0	1.71	0	-1.88	44.00
21.08	0.14	0.00	0.26	0.00	0	-1.42	0	-1.24	0	2.66	44.00
21.12	-0.11	0.00	-0.18	0.00	0	0.93	0	1.02	0	-1.95	44.00
21.16	0.07	0.00	0.29	0.00	0	-1.93	0	-0.68	0	2.61	44.00
21.21	-0.21	0.00	-0.13	0.00	0	0.07	0	1.91	0	-1.98	44.00
21.25	0.21	0.00	0.15	0.00	0	-0.25	0	-1.91	0	2.15	44.00
21.30	-0.12	0.00	-0.23	0.00	0	1.29	0	1.09	0	-2.37	44.00
21.34	0.04	0.00	0.25	0.00	0	-1.75	0	-0.39	0	2.14	44.00
21.38	-0.01	0.00	-0.26	0.00	0	1.96	0	0.11	0	-2.07	44.00
21.43	-0.15	0.00	0.23	0.00	0	-2.50	0	1.36	0	1.15	44.00
21.47	0.07	0.00	-0.22	0.00	0	2.09	0	-0.63	0	-1.46	44.00
21.52	-0.26	0.00	0.16	0.00	0	-2.44	0	2.36	0	0.08	44.00
21.56	0.10	0.00	-0.19	0.00	0	2.00	0	-0.92	0	-1.08	44.00
21.60	-0.32	0.00	0.09	0.00	0	-2.13	0	2.90	0	-0.77	44.00
21.65	0.16	0.00	-0.09	0.00	0	1.40	0	-1.42	0	0.03	44.00
21.69	-0.32	0.00	-0.25	0.00	0	0.48	0	2.94	0	-3.42	44.00
21.74	0.06	0.00	0.08	0.00	0	-0.40	0	-0.54	0	0.93	44.00
21.78	-0.13	0.00	-0.38	0.00	0	2.42	0	1.21	0	-3.63	44.00
21.82	0.09	0.00	0.07	0.00	0	-0.16	0	-0.80	0	0.96	44.00
21.87	-0.42	0.00	0.07	0.00	0	-2.44	0	3.80	0	-1.36	44.00
21.91	0.07	0.00	-0.08	0.00	0	0.91	0	-0.61	0	-0.30	44.00
21.96	-0.26	0.00	0.31	0.00	0	-3.61	0	2.40	0	1.21	44.00
22.00	0.04	0.00	-0.10	0.00	0	0.96	0	-0.36	0	-0.60	44.00
22.04	-0.10	0.00	0.39	0.00	0	-3.52	0	0.95	0	2.57	44.00
22.09	0.02	0.00	-0.10	0.00	0	0.91	0	-0.19	0	-0.73	44.00
22.13	-0.41	0.00	-0.37	0.00	0	1.03	0	3.74	0	-4.77	44.00
22.18	-0.04	0.00	-0.03	0.00	0	0.05	0	0.34	0	-0.38	44.00
22.22	0.04	0.00	-0.53	0.00	0	4.35	0	-0.39	0	-3.96	44.00
22.26	-0.06	0.00	-0.03	0.00	0	-0.04	0	0.59	0	-0.55	44.00
22.31	0.19	0.00	-0.47	0.00	0	4.57	0	-1.73	0	-2.84	44.00
22.35	-0.10	0.00	-0.06	0.00	0	-0.02	0	0.94	0	-0.92	44.00
22.40	0.40	0.00	-0.11	0.00	0	2.66	0	-3.65	0	0.99	44.00
22.44	-0.09	0.00	0.00	0.00	0	-0.43	0	0.85	0	-0.42	44.00
22.48	0.13	0.00	-0.45	0.00	0	4.16	0	-1.21	0	-2.95	44.00
22.53	-0.02	0.00	0.03	0.00	0	-0.33	0	0.16	0	0.17	44.00
22.57	-0.11	0.00	-0.46	0.00	0	3.17	0	1.00	0	-4.17	44.00
22.62	-0.02	0.00	0.03	0.00	0	-0.35	0	0.19	0	0.16	44.00
22.66	-0.43	0.00	-0.26	0.00	0	0.03	0	3.97	0	-4.00	44.00
22.70	0.02	0.00	-0.03	0.00	0	0.36	0	-0.17	0	-0.19	44.00
22.75	-0.46	0.00	0.13	0.00	0	-3.15	0	4.17	0	-1.02	44.00
22.79	0.01	0.00	-0.06	0.00	0	0.53	0	-0.07	0	-0.47	44.00
22.84	-0.49	0.00	0.03	0.00	0	-2.46	0	4.46	0	-1.99	44.00
22.88	-0.02	0.00	-0.16	0.00	0	1.14	0	0.18	0	-1.32	44.00
22.92	-0.29	0.00	0.27	0.00	0	-3.46	0	2.61	0	0.85	44.00
22.97	0.08	0.00	-0.08	0.00	0	0.97	0	-0.70	0	-0.27	44.00
23.01	-0.43	0.00	-0.06	0.00	0	-1.46	0	3.90	0	-2.44	44.00
23.06	0.07	0.00	0.03	0.00	0	0.10	0	-0.63	0	0.53	44.00
23.10	-0.28	0.00	-0.33	0.00	0	1.33	0	2.60	0	-3.93	44.00
23.14	0.04	0.00	0.05	0.00	0	-0.25	0	-0.36	0	0.60	44.00
23.19	-0.16	0.00	0.52	0.00	0	-4.82	0	1.44	0	3.38	44.00
23.23	-0.09	0.00	0.02	0.00	0	-0.54	0	0.79	0	-0.25	44.00
23.28	0.28	0.00	-0.32	0.00	0	3.86	0	-2.58	0	-1.27	44.00
23.32	-0.11	0.00	-0.01	0.00	0	-0.42	0	1.03	0	-0.61	44.00
23.36	0.13	0.00	-0.45	0.00	0	4.18	0	-1.21	0	-2.97	44.00
23.41	-0.06	0.00	0.02	0.00	0	-0.38	0	0.50	0	-0.13	44.00
23.45	0.11	0.00	-0.46	0.00	0	4.14	0	-0.98	0	-3.16	44.00
23.50	-0.04	0.00	0.02	0.00	0	-0.34	0	0.34	0	0.00	44.00
23.54	-0.09	0.00	-0.48	0.00	0	3.38	0	0.83	0	-4.21	44.00
23.58	0.10	0.00	-0.01	0.00	0	0.57	0	-0.92	0	0.36	44.00
23.63	-0.16	0.00	-0.45	0.00	0	2.83	0	1.42	0	-4.25	44.00
23.67	0.01	0.00	0.03	0.00	0	-0.17	0	-0.11	0	0.28	44.00
23.72	-0.10	0.00	-0.46	0.00	0	3.22	0	0.89	0	-4.12	44.00
23.76	-0.01	0.00	0.03	0.00	0	-0.32	0	0.11	0	0.21	44.00
23.80	-0.51	0.00	-0.01	0.00	0	-2.27	0	4.69	0	-2.42	44.00
23.85	-0.01	0.00	-0.06	0.00	0	0.41	0	0.11	0	-0.52	44.00
23.89	-0.44	0.00	-0.33	0.00	0	0.59	0	4.00	0	-4.60	44.00
23.94	-0.03	0.00	-0.03	0.00	0	0.14	0	0.26	0	-0.40	44.00
23.98	-0.48	0.00	-0.25	0.00	0	-0.20	0	4.41	0	-4.21	44.00
24.02	-0.02	0.00	-0.06	0.00	0	0.37	0	0.17	0	-0.54	44.00
24.07	-0.52	0.00	-0.07	0.00	0	-1.83	0	4.77	0	-2.94	44.00
24.11	-0.02	0.00	-0.02	0.00	0	0.07	0	0.19	0	-0.26	44.00
24.16	0.09	0.00	-0.51	0.00	0	4.47	0	-0.83	0	-3.64	44.00
24.20	-0.04	0.00	-0.03	0.00	0	0.01	0	0.39	0	-0.40	44.00
24.24	0.46	0.00	-0.08	0.00	0	2.70	0	-4.19	0	1.49	44.00
24.29	-0.05	0.00	-0.09	0.00	0	0.49	0	0.42	0	-0.91	44.00
24.33	0.38	0.00	0.18	0.00	0	0.31	0	-3.48	0	3.17	44.00
24.38	-0.06	0.00	-0.06	0.00	0	0.14	0	0.59	0	-0.73	44.00
24.42	-0.09	0.00	0.45	0.00	0	-3.95	0	0.81	0	3.14	44.00
24.46	-0.05	0.00	-0.05	0.00	0	0.21	0	0.44	0	-0.65	44.00
24.51	0.45	0.00	-0.10	0.00	0	2.87	0	-4.14	0	1.27	44.00
24.55	-0.05	0.00	-0.07	0.00	0	0.33	0	0.45	0	-0.78	44.00
24.60	0.39	0.00	-0.32	0.00	0	4.30	0	-3.55	0	-0.76	44.00
24.64	-0.03	0.00	-0.04	0.00	0	0.16	0	0.27	0	-0.43	44.00
24.68	0.16	0.00	-0.50	0.00	0	4.73	0	-1.49	0	-3.24	44.00
24.73	-0.06	0.00	-0.05	0.00	0	0.13	0	0.58	0	-0.71	44.00
24.77	0.38	0.00	0.19	0.00	0	0.27	0	-3.48	0	3.21	44.00
24.82	0.01	0.00	-0.15	0.00	0	1.24	0	-0.06	0	-1.17	44.00
24.86	-0.16	0.00	0.32	0.00	0	-3.29	0	1.48	0	1.82	44.00
24.90	-0.02	0.00	-0.16	0.00	0	1.18	0	0.21	0	-1.38	44.00
24.95	-0.17	0.00	0.32	0.00	0	-3.32	0	1.59	0	1.73	44.00
24.99	0.01	0.00	-0.15	0.00	0	1.24	0	-0.12	0	-1.12	44.00
25.04	-0.13	0.00	0.33	0.00	0	-3.24	0	1.20	0	2.04	44.00
25.08	0.03	0.00	-0.14	0.00	0	1.28	0	-0.29	0	-0.99	44.00
25.12	0.22	0.00	0.32	0.00	0	-1.56	0	-2.02	0	3.57	44.00
25.17	-0.01	0.00	-0.13	0.00	0	0.98	0	0.05	0	-1.02	44.00
25.21	-0.11	0.00	0.37	0.00	0	-3.39	0	0.97	0	2.42	44.00
25.26	0.02	0.00	-0.12	0.00	0	1.04	0	-0.17	0	-0.87	44.00
25.30	-0.42	0.00	0.13	0.00	0	-2.92	0	3.83	0	-0.91	44.00
25.34	0.04	0.00	-0.09	0.00	0	0.87	0	-0.32	0	-0.55	44.00
25.39	-0.47	0.00	-0.07	0.00	0	-1.57	0	4.28	0	-2.71	44.00
25.43	0.00	0.00	0.10	0.00	0	-0.79	0	-0.04	0	0.83	44.00
25.48	-0.23	0.00	-0.34	0.00	0	1.68	0	2.09	0	-3.77	44.00
25.52	0.02	0.00	0.10	0.00	0	-0.67	0	-0.16	0	0.83	44.00
25.56	-0.16	0.00	-0.38	0.00	0	2.24	0	1.47	0	-3.71	44.00
25.61	0.14	0.00	0.03	0.00	0	0.44	0	-1.29	0	0.86	44.00
25.65	-0.20	0.00	-0.35	0.00	0	1.85	0	1.79	0	-3.64	44.00
25.70	0.11	0.00	0.05	0.00	0	0.08	0	-1.01	0	0.92	44.00
25.74	-0.17	0.00	-0.37	0.00	0	2.15	0	1.52	0	-3.68	44.00
25.78	-0.02	0.00	0.11	0.00	0	-0.97	0	0.16	0	0.82	44.00
25.83	-0.07	0.00	-0.39	0.00	0	2.73	0	0.68	0	-3.41	44.00
25.87	0.09	0.00	0.09	0.00	0	-0.33	0	-0.78	0	1.11	44.00
25.92	-0.23	0.00	-0.31	0.00	0	1.40	0	2.06	0	-3.45	44.00
25.96	0.12	0.00	0.06	0.00	0	0.10	0	-1.12	0	1.02	44.00
26.00	-0.30	0.00	-0.22	0.00	0	0.42	0	2.70	0	-3.11	44.00
26.05	0.13	0.00	0.04	0.00	0	0.27	0	-1.22	0	0.94	44.00
26.09	-0.23	0.00	0.39	0.00	0	-4.15	0	2.09	0	2.06	44.00
26.14	-0.05	0.00	-0.08	0.00	0	0.39	0	0.47	0	-0.87	44.00
26.18	0.02	0.00	0.42	0.00	0	-3.23	0	-0.18	0	3.41	44.00
26.22	-0.04	0.00	-0.08	0.00	0	0.48	0	0.33	0	-0.81	44.00
26.27	0.06	0.00	0.41	0.00	0	-2.98	0	-0.58	0	3.55	44.00
26.31	-0.12	0.00	-0.06	0.00	0	-0.06	0	1.05	0	-0.99	44.00
26.36	0.22	0.00	0.31	0.00	0	-1.46	0	-2.05	0	3.51	44.00
26.40	-0.03	0.00	-0.12	0.00	0	0.81	0	0.29	0	-1.10	44.00
26.44	-0.16	0.00	0.37	0.00	0	-3.63	0	1.46	0	2.18	44.00
26.49	-0.02	0.00	-0.12	0.00	0	0.84	0	0.18	0	-1.02	44.00
26.53	0.33	0.00	0.24	0.00	0	-0.43	0	-3.02	0	3.45	44.00
26.58	-0.04	0.00	-0.10	0.00	0	0.61	0	0.35	0	-0.96	44.00
26.62	0.36	0.00	0.21	0.00	0	0.01	0	-3.31	0	3.30	44.00
26.66	-0.02	0.00	-0.12	0.00	0	0.84	0	0.20	0	-1.04	44.00
26.71	0.01	0.00	0.38	0.00	0	-2.99	0	-0.09	0	3.09	44.00
26.75	0.06	0.00	-0.12	0.00	0	1.20	0	-0.54	0	-0.66	44.00
26.80	-0.21	0.00	0.31	0.00	0	-3.40	0	1.90	0	1.50	44.00
26.84	-0.02	0.00	-0.16	0.00	0	1.15	0	0.20	0	-1.35	44.00
26.88	0.07	0.00	0.34	0.00	0	-2.35	0	-0.64	0	2.99	44.00
26.93	-0.18	0.00	-0.10	0.00	0	-0.05	0	1.67	0	-1.62	44.00
26.97	0.28	0.00	-0.31	0.00	0	3.71	0	-2.51	0	-1.19	44.00
27.02	-0.06	0.00	0.06	0.00	0	-0.79	0	0.57	0	0.22	44.00
27.06	0.08	0.00	-0.42	0.00	0	3.68	0	-0.72	0	-2.96	44.00
27.10	0.10	0.00	0.08	0.00	0	-0.19	0	-0.94	0	1.14	44.00
27.15	-0.24	0.00	-0.28	0.00	0	1.14	0	2.21	0	-3.35	44.00
27.19	0.13	0.00	0.06	0.00	0	0.14	0	-1.19	0	1.04	44.00
27.24	-0.37	0.00	0.06	0.00	0	-2.16	0	3.42	0	-1.26	44.00
27.28	0.10	0.00	-0.11	0.00	0	1.31	0	-0.94	0	-0.37	44.00
27.32	-0.37	0.00	0.08	0.00	0	-2.29	0	3.35	0	-1.06	44.00
27.37	0.10	0.00	-0.10	0.00	0	1.29	0	-0.95	0	-0.34	44.00
27.41	-0.16	0.00	0.32	0.00	0	-3.31	0	1.50	0	1.81	44.00
27.46	0.01	0.00	-0.15	0.00	0	1.23	0	-0.10	0	-1.13	44.00
27.50	-0.38	0.00	0.17	0.00	0	-3.07	0	3.47	0	-0.39	44.00
27.54	0.04	0.00	-0.12	0.00	0	1.08	0	-0.33	0	-0.75	44.00
27.59	-0.28	0.00	0.28	0.00	0	-3.47	0	2.54	0	0.94	44.00
27.63	0.15	0.00	0.01	0.00	0	0.62	0	-1.33	0	0.71	44.00
27.68	-0.32	0.00	-0.18	0.00	0	-0.09	0	2.96	0	-2.87	44.00
27.72	0.14	0.00	0.02	0.00	0	0.51	0	-1.29	0	0.78	44.00
27.76	-0.28	0.00	-0.27	0.00	0	0.84	0	2.52	0	-3.36	44.00
27.81	0.08	0.00	0.09	0.00	0	-0.34	0	-0.75	0	1.09	44.00
27.85	-0.10	0.00	-0.38	0.00	0	2.52	0	0.95	0	-3.47	44.00
27.90	-0.05	0.00	0.12	0.00	0	-1.17	0	0.41	0	0.76	44.00
27.94	0.01	0.00	-0.38	0.00	0	3.04	0	-0.10	0	-2.95	44.00
27.98	-0.04	0.00	0.12	0.00	0	-1.14	0	0.34	0	0.81	44.00
28.03	-0.13	0.00	-0.37	0.00	0	2.33	0	1.23	0	-3.55	44.00
28.07	0.07	0.00	0.09	0.00	0	-0.39	0	-0.64	0	1.03	44.00
28.12	-0.05	0.00	-0.40	0.00	0	2.95	0	0.43	0	-3.39	44.00
28.16	0.03	0.00	0.10	0.00	0	-0.63	0	-0.27	0	0.91	44.00
28.20	-0.47	0.00	0.15	0.00	0	-3.35	0	4.30	0	-0.96	44.00
28.25	-0.02	0.00	-0.07	0.00	0	0.48	0	0.17	0	-0.66	44.00
28.29	0.33	0.00	0.29	0.00	0	-0.80	0	-3.01	0	3.81	44.00
28.34	0.01	0.00	-0.10	0.00	0	0.80	0	-0.07	0	-0.73	44.00
28.38	0.27	0.00	0.34	0.00	0	-1.43	0	-2.45	0	3.88	44.00
28.42	-0.11	0.00	-0.00	0.00	0	-0.47	0	0.97	0	-0.50	44.00
28.47	-0.60	0.00	0.07	0.00	0	-3.35	0	5.52	0	-2.17	44.00
28.51	-0.12	0.00	-0.06	0.00	0	-0.09	0	1.07	0	-0.98	44.00
28.56	0.00	0.00	0.43	0.00	0	-3.43	0	-0.00	0	3.43	44.00
28.60	-0.03	0.00	-0.07	0.00	0	0.42	0	0.25	0	-0.68	44.00
28.64	0.47	0.00	-0.12	0.00	0	3.14	0	-4.32	0	1.18	44.00
28.69	-0.03	0.00	-0.07	0.00	0	0.42	0	0.25	0	-0.67	44.00
28.73	0.19	0.00	0.39	0.00	0	-2.17	0	-1.75	0	3.93	44.00
28.78	0.03	0.00	-0.09	0.00	0	0.89	0	-0.30	0	-0.58	44.00
28.82	0.18	0.00	0.39	0.00	0	-2.27	0	-1.63	0	3.90	44.00
28.86	-0.12	0.00	-0.02	0.00	0	-0.43	0	1.11	0	-0.68	44.00
28.91	0.18	0.00	-0.42	0.00	0	4.14	0	-1.66	0	-2.48	44.00
28.95	-0.11	0.00	-0.01	0.00	0	-0.44	0	1.04	0	-0.61	44.00
29.00	0.39	0.00	-0.02	0.00	0	1.95	0	-3.56	0	1.61	44.00
29.04	-0.10	0.00	0.09	0.00	0	-1.20	0	0.92	0	0.27	44.00
29.08	0.35	0.00	-0.13	0.00	0	2.66	0	-3.19	0	0.53	44.00
29.13	-0.15	0.00	-0.09	0.00	0	-0.02	0	1.40	0	-1.37	44.00
29.17	0.25	0.00	0.22	0.00	0	-0.62	0	-2.26	0	2.88	44.00
29.22	-0.16	0.00	-0.08	0.00	0	-0.13	0	1.46	0	-1.33	44.00
29.26	0.34	0.00	0.00	0.00	0	1.53	0	-3.09	0	1.56	44.00
29.30	-0.15	0.00	0.12	0.00	0	-1.64	0	1.39	0	0.25	44.00
29.35	0.35	0.00	0.17	0.00	0	0.24	0	-3.19	0	2.95	44.00
29.39	0.02	0.00	-0.21	0.00	0	1.81	0	-0.22	0	-1.58	44.00
29.44	-0.38	0.00	0.09	0.00	0	-2.42	0	3.48	0	-1.06	44.00
29.48	0.12	0.00	0.08	0.00	0	-0.09	0	-1.13	0	1.22	44.00
29.52	-0.35	0.00	-0.08	0.00	0	-1.00	0	3.24	0	-2.24	44.00
29.57	0.15	0.00	-0.09	0.00	0	1.38	0	-1.37	0	-0.01	44.00
29.61	-0.10	0.00	0.35	0.00	0	-3.22	0	0.91	0	2.32	44.00
29.66	0.05	0.00	-0.13	0.00	0	1.26	0	-0.44	0	-0.83	44.00
29.70	-0.38	0.00	0.13	0.00	0	-2.78	0	3.50	0	-0.72	44.00
29.74	0.06	0.00	-0.11	0.00	0	1.14	0	-0.55	0	-0.59	44.00
29.79	-0.29	0.00	0.25	0.00	0	-3.32	0	2.67	0	0.65	44.00
29.83	0.05	0.00	-0.12	0.00	0	1.17	0	-0.46	0	-0.71	44.00
29.88	-0.09	0.00	0.37	0.00	0	-3.30	0	0.83	0	2.47	44.00
29.92	-0.01	0.00	-0.13	0.00	0	1.01	0	0.09	0	-1.09	44.00
29.96	0.35	0.00	0.22	0.00	0	-0.18	0	-3.18	0	3.35	44.00
30.01	-0.06	0.00	-0.08	0.00	0	0.37	0	0.51	0	-0.88	44.00
30.05	0.42	0.00	0.09	0.00	0	1.16	0	-3.81	0	2.65	44.00
30.10	-0.08	0.00	0.02	0.00	0	-0.49	0	0.74	0	-0.25	44.00
30.14	0.31	0.00	-0.31	0.00	0	3.83	0	-2.79	0	-1.04	44.00
30.18	-0.06	0.00	0.04	0.00	0	-0.58	0	0.54	0	0.04	44.00
30.23	-0.09	0.00	-0.46	0.00	0	3.26	0	0.82	0	-4.08	44.00
30.27	-0.04	0.00	0.04	0.00	0	-0.46	0	0.33	0	0.13	44.00
30.32	-0.11	0.00	-0.46	0.00	0	3.13	0	1.03	0	-4.16	44.00
30.36	-0.06	0.00	0.04	0.00	0	-0.60	0	0.55	0	0.05	44.00
30.40	-0.35	0.00	-0.37	0.00	0	1.35	0	3.19	0	-4.54	44.00
30.45	0.02	0.00	-0.03	0.00	0	0.36	0	-0.21	0	-0.15	44.00
30.49	0.30	0.00	-0.46	0.00	0	4.96	0	-2.70	0	-2.26	44.00
30.54	-0.01	0.00	-0.06	0.00	0	0.39	0	0.11	0	-0.50	44.00
30.58	-0.48	0.00	0.14	0.00	0	-3.30	0	4.34	0	-1.04	44.00
30.62	-0.05	0.00	-0.13	0.00	0	0.77	0	0.44	0	-1.21	44.00
30.67	-0.47	0.00	0.15	0.00	0	-3.32	0	4.32	0	-1.00	44.00
30.71	0.01	0.00	-0.01	0.00	0	0.11	0	-0.06	0	-0.05	44.00
30.76	-0.47	0.00	-0.17	0.00	0	-0.82	0	4.31	0	-3.49	44.00
30.80	0.02	0.00	-0.06	0.00	0	0.60	0	-0.19	0	-0.41	44.00
30.84	-0.44	0.00	-0.26	0.00	0	0.02	0	4.05	0	-4.07	44.00
30.89	-0.01	0.00	-0.00	0.00	0	-0.01	0	0.08	0	-0.07	44.00
30.93	0.28	0.00	-0.42	0.00	0	4.58	0	-2.57	0	-2.02	44.00
30.98	-0.05	0.00	-0.04	0.00	0	0.06	0	0.45	0	-0.51	44.00
31.02	-0.45	0.00	-0.34	0.00	0	0.69	0	4.08	0	-4.77	44.00
