43.31	-0.78	-0.92	1.06	0.00	-4	-13.20	3	9.65	2	3.55	6.00
43.37	-0.80	-0.98	0.37	0.00	-10	-7.91	7	10.01	4	-2.10	6.00
43.43	-0.94	-1.16	1.12	1.28	-3	-17.87	9	11.81	-1	6.06	6.00
43.49	-0.89	-1.59	0.47	0.49	-18	-11.13	11	12.52	5	-1.40	6.00
43.55	-0.79	0.49	1.24	2.14	-15	-17.90	11	5.86	0	12.04	6.00
43.61	-1.25	1.28	0.78	1.16	-16	-12.89	7	7.84	12	5.05	6.00
43.67	-0.43	4.15	1.33	5.13	-1	-19.09	7	-7.65	4	26.74	6.00
43.73	0.18	-0.24	1.54	2.26	-9	-17.15	-1	-0.97	27	18.12	6.00
43.79	-0.51	-0.98	1.90	0.61	-3	-20.22	0	7.37	18	12.85	6.00
43.85	-1.06	-2.26	1.05	-2.38	-16	-10.53	7	15.93	13	-5.40	6.00
43.91	-1.40	3.91	0.51	0.61	-5	-6.46	15	1.90	-4	4.56	6.00
43.97	-0.66	2.62	0.72	0.49	-3	-6.25	2	-1.27	5	7.52	6.00
44.03	-1.34	0.31	0.40	-0.43	-1	-7.84	0	11.41	8	-3.56	6.00
44.09	-1.80	-3.17	-0.57	-2.99	-10	-0.90	11	25.26	-3	-24.37	6.00
44.15	-2.29	-0.37	-1.24	-0.55	-11	0.17	24	21.97	-22	-22.14	6.00
44.21	-1.48	2.81	-0.94	1.95	-15	-0.17	21	5.71	-22	-5.54	6.00
44.27	-1.34	1.71	-1.66	0.61	-18	7.95	4	7.47	-5	-15.42	6.00
44.33	-0.71	0.00	-1.38	0.00	-12	7.67	7	6.50	-15	-14.17	6.00
44.39	-1.44	-2.14	-1.19	-2.75	12	6.49	7	19.14	-13	-25.62	6.00
44.45	-2.11	-0.79	-0.92	-2.01	6	1.42	17	21.49	-25	-22.91	6.00
44.51	-1.48	-0.61	-0.98	-2.01	0	4.99	22	15.26	-23	-20.25	6.00
44.57	-0.87	-0.73	-0.91	-0.24	8	2.82	14	9.98	-20	-12.79	6.00
44.63	-0.69	-1.53	-1.29	2.56	1	-1.29	5	10.54	-12	-9.25	6.00
44.69	-0.59	-1.10	-0.29	4.09	-1	-11.80	12	8.44	-9	3.36	6.00
44.75	-0.55	-0.43	0.67	2.99	-11	-15.58	9	6.20	4	9.38	6.00
44.81	-0.05	0.00	1.25	0.00	-15	-10.09	6	0.46	9	9.64	6.00
44.87	0.55	-1.04	1.37	-3.54	-12	-1.28	6	-2.09	12	3.37	6.00
44.93	0.63	-0.37	0.47	-4.03	-1	8.36	0	-4.75	2	-3.60	6.00
44.99	-0.03	0.00	0.21	-2.01	6	3.05	-7	0.31	-3	-3.36	6.00
45.05	0.48	0.85	0.69	-0.55	2	-0.73	0	-6.80	-2	7.53	6.00
45.11	-0.17	0.49	0.77	0.67	0	-7.79	-4	0.23	8	7.56	6.00
45.17	-0.00	0.00	1.42	-0.24	-9	-10.63	0	0.04	8	10.59	6.00
45.23	-0.23	-0.37	0.78	0.55	-12	-9.07	0	3.09	13	5.97	6.00
45.29	-0.85	-1.34	0.34	0.00	-6	-8.39	2	11.46	-1	-3.07	6.00
45.35	-1.58	-1.71	0.62	0.49	-10	-15.67	11	19.19	-3	-3.53	6.00
45.41	-1.39	-1.89	-0.02	0.00	-16	-8.82	19	17.99	-3	-9.17	6.00
45.47	-0.86	-1.34	0.26	0.00	-6	-7.81	17	11.55	-8	-3.74	6.00
45.53	-0.25	-1.22	0.23	-1.89	-7	-0.11	12	5.70	-3	-5.60	6.00
45.59	-0.94	-1.53	-0.24	-1.89	-3	0.06	4	12.81	-6	-12.87	6.00
45.65	-0.84	-0.67	-0.93	-0.55	0	3.89	12	9.56	-11	-13.46	6.00
45.71	-0.71	-2.50	-1.34	2.69	4	-2.63	9	13.48	-12	-10.85	6.00
45.77	-0.43	-5.98	-0.86	7.81	-1	-22.28	12	20.55	-8	1.73	6.00
45.83	-0.73	-15.99	-0.30	5.68	-20	-36.96	17	51.24	3	-14.28	6.00
45.89	-1.88	-26.79	-0.34	4.21	-33	-53.38	12	91.79	-13	-38.41	6.00
45.95	-3.34	-31.98	-0.47	0.98	-18	-58.44	9	119.56	-37	-61.12	6.00
46.01	-4.48	-30.27	0.06	2.20	-20	-68.39	12	125.23	-55	-56.84	6.00
46.07	-6.07	-16.05	0.65	-0.79	-1	-53.28	10	100.15	-28	-46.87	6.00
46.13	-6.33	1.83	1.23	-7.02	-6	-19.15	8	52.69	-29	-33.54	6.00
46.19	-5.30	20.87	1.36	-15.32	-1	30.99	10	-9.69	-26	-21.31	6.00
46.25	-3.57	35.22	0.80	-23.38	6	82.79	8	-65.43	-18	-17.36	6.00
46.31	-0.87	38.33	-0.40	-32.04	81	129.80	-64	-98.77	-19	-31.03	6.00
46.37	1.43	30.46	-2.74	-32.23	24	148.31	-12	-97.90	-33	-50.41	6.00
46.43	1.38	11.11	-3.86	-21.55	3	104.27	-6	-43.52	-28	-60.75	6.00
46.49	0.22	-9.09	-3.74	-4.09	10	27.75	-8	23.30	-30	-51.05	6.00
46.55	-1.66	-20.63	-2.88	10.07	7	-37.79	8	72.59	-28	-34.80	6.00
46.61	-3.62	-21.55	-2.06	15.75	-61	-68.19	73	93.05	-31	-24.86	6.00
46.67	-4.13	-17.40	-0.69	15.87	-63	-75.88	19	86.14	-28	-10.27	6.00
46.73	-5.37	-10.86	-0.57	8.00	-1	-54.41	10	79.29	-7	-24.88	6.00
46.79	-5.08	-6.53	-0.78	-2.01	-1	-21.29	11	64.60	-21	-43.32	6.00
46.85	-5.55	0.43	-1.04	-12.33	-1	13.17	10	49.49	-30	-62.66	6.00
46.91	-4.71	8.00	-2.66	-18.43	7	55.12	9	20.71	-31	-75.83	6.00
46.97	-3.47	11.96	-3.81	-14.83	50	66.71	9	-1.67	-31	-65.05	6.00
47.03	-2.18	11.96	-4.10	-3.11	60	46.64	8	-13.36	-31	-33.28	6.00
47.09	-2.25	7.87	-2.77	12.08	11	-6.53	4	-1.37	-31	7.90	6.00
47.15	-2.32	9.22	-1.29	17.64	8	-30.15	2	-4.44	7	34.59	6.00
47.21	-1.13	9.22	-0.26	13.00	-26	-21.63	-5	-15.38	34	37.01	6.00
47.27	-0.01	7.57	-0.25	2.62	-18	6.18	-14	-21.00	36	14.82	6.00
47.33	-0.61	1.22	-0.91	-9.09	6	28.05	-20	2.21	15	-30.26	6.00
47.39	-0.96	0.00	-2.85	-22.83	25	73.22	5	8.80	-31	-82.02	6.00
47.45	-0.70	-2.08	-3.98	-11.23	75	52.46	1	12.18	-78	-64.64	6.00
47.51	-1.71	-5.43	-3.04	10.38	45	-16.37	11	30.74	-42	-14.37	6.00
47.57	-2.02	-4.64	-0.21	35.28	1	-99.10	29	31.37	-9	67.73	6.00
47.63	-2.25	-0.79	2.07	27.10	-96	-93.09	28	22.80	64	70.29	6.00
47.69	-2.15	10.38	2.51	0.00	-1	-15.25	19	-9.24	67	24.49	6.00
47.75	-1.01	14.22	0.45	-24.29	-1	70.21	-11	-30.35	19	-39.87	6.00
47.81	-0.16	12.63	-2.01	-29.91	63	104.87	-30	-33.74	-37	-71.12	6.00
47.87	0.14	5.74	-3.84	-19.23	105	85.31	-30	-17.21	-70	-68.10	6.00
47.93	-0.19	-6.29	-4.24	4.64	3	12.73	-17	19.23	-53	-31.96	6.00
47.99	-1.40	-11.72	-2.67	18.74	17	-46.78	54	45.43	-33	1.35	6.00
48.05	-1.81	-10.86	-0.47	26.00	-74	-82.40	43	46.82	-10	35.58	6.00
48.11	-2.38	-3.66	0.70	9.40	-87	-44.12	44	31.90	34	12.22	6.00
48.17	-1.26	9.77	0.43	-11.78	-29	32.87	29	-15.71	14	-17.16	6.00
48.23	0.18	14.83	-1.39	-23.32	1	88.71	4	-42.92	-16	-45.79	6.00
48.29	0.57	11.66	-3.29	-21.30	85	96.20	-41	-37.66	-45	-58.53	6.00
48.35	0.44	-2.81	-4.05	-1.28	26	33.20	-37	3.83	-54	-37.02	6.00
48.41	-1.09	-15.38	-2.67	17.27	2	-46.97	-8	52.82	-37	-5.85	6.00
48.47	-2.11	-12.15	-0.51	25.15	-76	-83.16	52	53.06	-7	30.10	6.00
48.53	-2.06	-4.46	1.24	18.43	-80	-69.85	49	31.26	28	38.59	6.00
48.59	-0.64	12.45	0.89	-8.24	-1	27.22	34	-28.82	37	1.60	6.00
48.65	0.79	16.91	-0.83	-19.65	1	81.11	-52	-54.34	2	-26.78	6.00
48.71	1.06	13.24	-2.54	-21.36	82	94.92	-52	-46.55	-26	-48.37	6.00
48.77	1.14	-2.26	-3.20	0.00	63	27.36	-48	-4.08	-46	-23.27	6.00
48.83	-0.54	-18.49	-1.81	17.09	21	-55.12	-2	56.46	-21	-1.34	6.00
48.89	-2.06	-18.62	0.07	22.40	-50	-89.90	54	70.64	0	19.26	6.00
48.95	-2.91	-12.82	1.61	14.77	-90	-79.49	68	62.28	19	17.21	6.00
49.01	-3.00	9.89	0.93	-8.18	-1	12.45	49	-0.15	17	-12.30	6.00
49.07	-1.18	21.24	-0.56	-17.52	-7	70.89	8	-48.41	-12	-22.48	6.00
49.13	0.34	19.84	-2.25	-17.88	65	90.13	-47	-58.35	-20	-31.79	6.00
49.19	0.91	7.39	-3.23	-4.88	88	51.73	-56	-28.88	-31	-22.85	6.00
49.25	-0.66	-15.50	-2.43	9.09	21	-27.35	-28	49.24	-24	-21.89	6.00
49.31	-2.45	-19.47	-1.25	14.47	-25	-63.33	45	76.62	-23	-13.29	6.00
49.37	-2.83	-17.76	-0.52	12.45	-57	-63.61	74	75.32	-14	-11.71	6.00
49.43	-2.93	5.19	-0.08	-1.46	-37	-1.99	60	12.29	-10	-10.30	6.00
49.49	-0.68	26.79	-1.33	-15.69	-3	82.52	12	-68.36	-9	-14.16	6.00
49.55	1.56	25.94	-2.51	-17.09	73	104.29	-64	-86.47	-13	-17.81	6.00
49.61	2.59	14.28	-3.90	-12.15	86	91.87	-83	-63.42	-17	-28.44	6.00
49.67	0.75	-19.65	-3.78	5.62	21	-7.62	-14	47.88	-27	-40.27	6.00
49.73	-1.31	-23.32	-2.86	11.17	5	-42.79	50	76.88	-37	-34.09	6.00
49.79	-3.06	-21.55	-1.70	10.44	-39	-55.70	74	87.99	-33	-32.29	6.00
49.85	-3.24	5.43	-1.00	3.85	-58	-8.56	43	14.44	-28	-5.88	6.00
49.91	-1.22	22.34	-1.71	-8.36	-6	59.21	15	-51.04	-6	-8.18	6.00
49.97	0.96	28.75	-2.97	-11.54	56	95.75	-49	-88.86	-7	-6.89	6.00
50.03	2.74	20.45	-4.17	-11.78	90	102.34	-89	-81.93	-5	-20.41	6.00
50.09	3.05	-7.08	-3.76	8.85	2	12.45	-22	-8.10	-19	-4.36	6.00
50.15	1.51	-17.40	-2.08	20.45	8	-50.20	-7	34.69	-5	15.51	6.00
50.21	-0.30	-23.32	-0.05	24.66	-54	-92.86	19	67.63	14	25.23	6.00
50.27	-1.34	-5.86	0.84	15.50	-89	-58.31	66	28.55	23	29.77	6.00
50.33	-0.80	8.54	1.38	-1.65	-2	1.29	28	-16.52	28	15.23	6.00
50.39	0.97	20.32	0.38	-9.77	-7	53.28	-25	-65.48	16	12.20	6.00
50.45	2.65	16.97	-0.14	-11.84	54	65.42	-61	-71.45	12	6.03	6.00
50.51	3.33	0.37	-0.60	-4.52	61	31.36	-20	-31.46	6	0.10	6.00
50.57	1.48	-20.14	-0.27	1.71	31	-23.31	-14	42.60	0	-19.30	6.00
50.63	-0.67	-24.41	0.12	4.39	-31	-48.59	15	74.06	-20	-25.47	6.00
50.69	-1.25	-18.07	0.05	6.29	-49	-46.40	70	61.74	-25	-15.34	6.00
50.75	-1.52	3.54	0.48	-1.22	-51	-2.89	48	4.04	-16	-1.15	6.00
50.81	0.50	22.28	-0.18	-11.60	-2	62.68	7	-66.62	0	3.94	6.00
50.87	2.48	22.40	-1.12	-11.23	57	78.48	-63	-85.01	4	6.53	6.00
50.93	3.60	11.96	-2.07	-6.41	77	64.88	-81	-66.16	7	1.29	6.00
50.99	1.83	-20.94	-1.09	8.67	15	-33.09	-22	41.61	1	-8.52	6.00
51.05	-0.37	-25.15	-0.41	10.31	-9	-58.31	77	73.39	-9	-15.08	6.00
51.11	-1.06	-22.71	0.27	8.97	-53	-60.23	69	72.88	-15	-12.66	6.00
51.17	-1.55	3.05	0.18	-3.23	-55	3.55	35	5.69	-14	-9.23	6.00
51.23	0.28	21.24	-0.93	-11.66	-13	66.29	5	-61.68	-9	-4.61	6.00
51.29	2.13	21.12	-1.95	-10.93	59	80.91	-60	-78.30	-4	-2.61	6.00
51.35	2.41	10.44	-2.88	-5.74	81	62.14	-76	-51.08	-2	-11.06	6.00
51.41	0.98	-20.20	-1.74	8.12	9	-29.49	-23	47.31	-11	-17.82	6.00
51.47	-1.18	-24.54	-0.98	11.23	-51	-58.88	58	79.13	-17	-20.25	6.00
51.53	-2.04	-19.71	0.25	10.19	-57	-63.32	78	73.50	-20	-10.19	6.00
51.59	-2.37	4.82	0.44	-1.89	-52	-2.98	31	8.19	-10	-5.21	6.00
51.65	-0.16	25.51	-0.51	-13.12	-1	70.42	9	-69.54	-4	-0.88	6.00
51.71	2.03	26.43	-1.77	-15.38	68	97.17	-70	-92.13	0	-5.04	6.00
51.77	3.48	16.30	-3.00	-12.02	89	91.32	-88	-77.15	-4	-14.17	6.00
51.83	1.85	-18.13	-3.24	2.81	37	2.09	-23	33.54	-15	-35.63	6.00
51.89	-0.48	-27.40	-2.69	7.26	1	-36.62	9	80.70	-35	-44.08	6.00
51.95	-1.44	-23.56	-1.68	8.18	-40	-45.85	77	78.76	-42	-32.90	6.00
52.01	-2.08	0.43	-1.30	2.01	-43	-3.49	33	17.77	-31	-14.28	6.00
52.07	-0.15	22.28	-1.37	-7.02	21	58.10	18	-60.70	-13	2.60	6.00
52.13	1.79	21.73	-2.27	-10.56	51	81.86	-58	-76.87	3	-4.99	6.00
52.19	3.22	13.06	-3.26	-12.21	79	88.12	-72	-65.80	-4	-22.32	6.00
52.25	1.89	-13.37	-3.16	-5.31	8	27.83	-19	19.93	-22	-47.76	6.00
52.31	-0.40	-27.28	-3.40	-4.03	25	-3.23	1	79.65	-47	-76.42	6.00
52.37	-2.48	-27.83	-3.29	-6.10	-33	-9.33	76	100.13	-70	-90.79	6.00
52.43	-3.50	-6.90	-3.85	-9.64	5	28.13	28	51.19	-46	-79.32	6.00
52.49	-1.92	17.64	-4.25	-13.85	28	82.84	25	-31.59	-47	-51.25	6.00
52.55	0.61	28.69	-5.26	-17.21	70	125.85	-49	-85.46	-46	-40.40	6.00
52.61	2.30	16.78	-6.73	-16.97	25	128.02	-83	-67.70	-37	-60.32	6.00
52.67	2.06	-0.37	-8.01	-11.35	10	99.61	-10	-17.76	-38	-81.85	6.00
52.73	1.38	-13.61	-8.67	0.00	2	55.90	-11	25.30	-35	-81.20	6.00
52.79	0.55	-9.89	-8.51	13.67	13	23.10	26	22.47	-45	-45.58	6.00
52.85	-0.51	-3.72	-6.44	29.17	28	-26.90	29	15.02	-34	11.89	6.00
52.91	-0.66	4.94	-3.66	35.77	4	-53.43	14	-7.73	17	61.16	6.00
52.97	0.17	6.23	-1.45	28.32	-51	-47.35	-6	-18.89	58	66.24	6.00
53.03	1.14	4.58	-0.72	11.29	-49	-9.95	-19	-23.12	68	33.07	6.00
53.09	1.21	-1.65	-1.79	-6.47	-10	33.00	-21	-6.50	37	-26.50	6.00
53.15	0.23	-7.87	-3.06	-14.28	2	48.74	-6	19.80	-32	-68.54	6.00
53.21	-0.92	-9.70	-3.16	-5.00	49	19.35	57	35.40	-67	-54.75	6.00
53.27	-1.74	-4.15	-2.79	10.62	18	-17.25	34	27.48	-53	-10.23	6.00
53.33	-0.92	5.74	-0.63	28.93	-21	-60.98	24	-7.62	-13	68.60	6.00
53.39	-0.36	9.58	1.35	23.44	-60	-55.50	-8	-23.39	66	78.89	6.00
53.45	0.25	10.01	2.08	2.50	-14	-7.44	-21	-30.16	75	37.59	6.00
53.51	0.79	4.03	0.05	-23.19	-2	64.80	-29	-18.44	38	-46.36	6.00
53.57	0.25	-3.91	-3.00	-40.22	67	116.45	-15	8.57	-42	-125.02	6.00
53.63	0.00	-3.66	-5.17	-24.11	119	93.94	-9	10.16	-73	-104.10	6.00
53.69	0.46	-6.71	-4.81	4.21	8	20.60	9	14.49	-45	-35.09	6.00
53.75	0.92	2.44	-2.22	32.65	27	-53.59	12	-15.20	-36	68.78	6.00
53.81	1.25	-0.85	0.45	35.03	-57	-83.56	-13	-9.00	66	92.56	6.00
53.87	1.61	3.85	2.07	16.30	-84	-42.99	-11	-25.38	89	68.37	6.00
53.93	1.18	2.01	1.72	-14.47	-40	29.50	-25	-16.37	40	-13.13	6.00
53.99	1.43	4.58	-0.89	-31.74	50	96.51	-18	-25.81	-28	-70.70	6.00
54.05	2.15	1.28	-3.25	-32.47	99	115.60	-24	-23.21	-69	-92.39	6.00
54.11	2.27	-6.23	-4.06	-3.85	26	43.04	-24	-3.36	-40	-39.68	6.00
54.17	1.91	-14.83	-2.36	18.49	9	-37.83	-2	23.84	-22	13.99	6.00
54.23	0.24	-19.90	-0.10	30.88	-73	-100.33	1	53.22	-3	47.12	6.00
54.29	0.04	-10.80	1.47	18.68	-98	-71.51	51	29.75	48	41.76	6.00
54.35	-0.47	1.77	1.60	-3.36	-25	-4.24	26	-0.66	41	4.90	6.00
54.41	0.71	14.95	-0.25	-20.14	-2	74.62	6	-48.09	6	-26.53	6.00
54.47	2.13	15.93	-1.85	-18.13	78	90.27	-44	-63.79	-23	-26.47	6.00
54.53	3.16	5.62	-2.09	-3.17	83	46.43	-42	-44.51	-25	-1.92	6.00
54.59	1.77	-15.87	-0.52	17.33	37	-51.69	-13	28.01	-2	23.67	6.00
54.65	-0.24	-24.90	1.11	19.84	-70	-92.41	-1	71.58	23	20.83	6.00
54.71	-2.03	-21.24	2.41	14.22	-88	-92.23	71	77.70	19	14.52	6.00
54.77	-2.52	2.56	2.10	-9.40	-24	-1.88	79	15.88	15	-14.01	6.00
54.83	-1.01	23.25	0.48	-15.50	6	61.33	16	-55.52	-14	-5.80	6.00
54.89	1.62	33.02	-0.35	-17.88	62	99.26	-54	-106.71	-6	7.45	6.00
54.95	3.77	24.54	-0.77	-5.98	87	71.89	-94	-102.77	6	30.88	6.00
55.01	3.55	-3.17	0.24	5.49	16	-3.40	-16	-23.57	30	26.96	6.00
55.07	1.67	-20.02	0.40	4.70	12	-34.70	-7	40.48	26	-5.78	6.00
55.13	-0.49	-24.72	0.65	6.53	-48	-57.54	70	73.28	-6	-15.74	6.00
55.19	-0.44	-10.25	0.24	-3.66	-58	-9.35	72	32.60	-14	-23.24	6.00
55.25	-0.70	2.99	-0.34	-1.34	-7	6.90	32	-1.93	-22	-4.97	6.00
55.31	0.82	14.16	-0.39	-3.66	-9	35.34	12	-46.89	-6	11.54	6.00
55.37	1.85	6.71	-0.63	0.00	27	22.74	-44	-35.58	12	12.84	6.00
55.43	1.75	-7.75	-0.97	3.78	27	-4.25	-35	5.59	13	-1.34	6.00
55.49	-0.60	-28.20	-0.28	7.08	5	-56.88	-8	84.02	0	-27.13	6.00
55.55	-2.54	-23.25	0.52	5.00	-58	-60.21	81	87.98	-27	-27.77	6.00
55.61	-3.78	-10.56	0.93	-0.24	-56	-38.72	31	63.93	-28	-25.20	6.00
55.67	-2.01	17.76	0.55	-7.26	-1	28.68	21	-31.09	-25	2.42	6.00
55.73	-0.01	21.91	0.15	-9.40	-1	51.98	-55	-60.96	11	8.98	6.00
55.79	0.25	15.56	-0.60	-11.11	50	54.34	-59	-45.60	7	-8.75	6.00
55.85	0.31	-8.36	-1.54	-10.31	51	26.86	-44	20.41	-9	-47.28	6.00
55.91	-1.84	-24.35	-2.07	-6.53	22	-10.17	0	84.63	-46	-74.47	6.00
55.97	-3.79	-23.07	-2.15	4.94	-13	-44.36	80	98.83	-72	-54.48	6.00
56.03	-3.90	-3.48	-0.22	19.71	-40	-68.47	29	45.32	-35	23.15	6.00
56.09	-2.17	20.51	1.57	21.61	-71	-45.90	16	-37.28	-2	83.18	6.00
56.15	-0.16	29.36	2.68	7.93	-1	-0.21	0	-80.30	82	80.51	6.00
56.21	1.95	23.93	1.78	-15.08	-19	64.52	-80	-84.43	43	19.91	6.00
56.27	2.45	-0.61	-0.48	-30.58	63	87.85	-19	-20.68	16	-67.17	6.00
56.33	0.60	-20.87	-2.35	-25.82	91	54.54	-4	52.65	-63	-107.18	6.00
56.39	-1.65	-29.24	-3.48	-11.05	13	5.95	47	96.49	-107	-102.44	6.00
56.45	-3.03	-16.78	-2.34	9.89	10	-42.55	95	74.39	-33	-31.84	6.00
56.51	-3.17	6.90	-1.04	15.26	-15	-33.43	27	9.70	-29	23.74	6.00
56.57	-1.63	19.53	-0.05	6.84	-31	3.71	10	-39.53	43	35.82	6.00
56.63	0.68	29.91	-1.29	-12.94	2	86.13	-26	-89.50	35	3.37	6.00
56.69	2.32	20.39	-3.53	-28.38	83	135.37	-89	-77.94	3	-57.42	6.00
56.75	1.71	1.46	-5.32	-30.21	34	124.76	-12	-19.70	-56	-105.07	6.00
56.81	0.64	-7.39	-7.19	-28.44	45	118.08	-9	14.76	-43	-132.84	6.00
56.87	0.57	-3.36	-9.31	-23.93	46	129.26	0	4.14	-52	-133.39	6.00
56.93	0.47	0.37	-10.34	-6.10	13	99.19	-14	-5.34	-40	-93.84	6.00
56.99	1.46	9.16	-10.27	8.12	6	81.08	-5	-38.85	-33	-42.23	6.00
57.05	2.01	3.48	-9.07	28.20	44	17.76	-41	-28.03	-40	10.26	6.00
57.11	2.70	3.23	-7.29	35.22	19	-10.39	-26	-33.70	-6	44.10	6.00
57.17	1.85	-15.87	-4.16	41.38	-16	-80.61	-15	27.34	43	53.26	6.00
57.23	-0.36	-27.47	-1.89	29.85	-75	-96.92	2	79.81	54	17.11	6.00
57.29	-2.55	-24.48	-1.59	5.37	-1	-46.07	78	91.44	19	-45.38	6.00
57.35	-3.48	-5.55	-2.16	-4.52	-4	4.39	66	47.20	-43	-51.59	6.00
57.41	-1.84	17.52	-2.44	-2.01	2	40.16	16	-32.01	-49	-8.16	6.00
57.47	0.38	27.34	-1.70	16.97	72	12.32	-13	-79.64	-6	67.32	6.00
57.53	2.01	15.81	-0.16	26.61	17	-31.77	-77	-62.34	65	94.11	6.00
57.59	1.62	-7.93	2.47	32.47	-33	-101.52	-29	7.30	61	94.21	6.00
57.65	-0.53	-25.76	3.07	14.95	-1	-98.64	-9	76.58	25	22.06	6.00
57.71	-2.62	-23.56	3.95	14.59	-2	-111.13	74	89.49	21	21.64	6.00
57.77	-3.22	-7.87	5.08	7.57	-16	-84.15	84	51.36	20	32.78	6.00
57.83	-2.64	8.91	6.90	18.25	-45	-98.24	18	-0.74	25	98.97	6.00
57.89	-1.19	17.27	7.81	3.97	-1	-52.78	8	-37.20	26	89.97	6.00
57.95	0.07	17.15	8.60	1.04	-2	-46.29	-35	-48.42	32	94.71	6.00
58.01	1.48	11.90	8.36	-11.47	-28	-15.11	-49	-46.66	38	61.77	6.00
58.07	1.91	-0.92	6.99	-13.24	-1	-15.93	-48	-14.88	30	30.81	6.00
58.13	1.73	-12.82	4.88	-26.79	-13	16.09	-16	19.86	32	-35.94	6.00
58.19	0.23	-20.14	2.42	-32.47	23	32.20	2	53.98	-13	-86.18	6.00
58.25	-0.88	-14.53	0.36	-25.57	22	34.57	55	48.45	-76	-83.02	6.00
58.31	-1.19	-2.75	-0.64	-7.75	37	14.49	48	18.54	-35	-33.02	6.00
58.37	0.07	11.05	0.90	18.13	10	-35.15	20	-31.36	-35	66.51	6.00
58.43	0.77	8.00	2.88	21.30	-30	-59.52	-31	-29.31	64	88.82	6.00
58.49	1.15	2.81	4.40	13.85	-57	-59.10	-30	-18.29	90	77.39	6.00
58.55	0.41	-14.77	2.64	-18.25	-16	4.41	-13	37.43	34	-41.84	6.00
58.61	-1.38	-22.46	0.18	-32.41	-5	39.12	3	75.18	-3	-114.30	6.00
58.67	-3.20	-18.86	-1.51	-28.63	31	40.15	74	81.72	-114	-121.87	6.00
58.73	-2.81	1.22	-1.47	-9.28	36	22.89	24	22.30	-37	-45.19	6.00
58.79	-1.93	10.56	-1.81	5.68	22	6.50	23	-11.74	-42	5.24	6.00
58.85	-0.84	15.81	0.00	19.41	4	-28.63	8	-36.37	43	65.00	6.00
58.91	-1.06	-1.89	1.31	11.05	-23	-44.46	-34	14.94	61	29.52	6.00
58.97	-1.98	-11.11	0.47	-2.32	-43	-22.62	14	49.04	28	-26.42	6.00
59.03	-3.91	-24.23	-0.79	-27.59	-19	21.21	47	103.17	-25	-124.38	6.00
59.09	-4.94	-12.27	-3.28	-29.05	47	56.41	33	79.25	-42	-135.66	6.00
59.15	-4.49	-2.93	-4.75	-29.17	52	83.36	9	49.17	-35	-132.54	6.00
59.21	-4.79	-1.95	-7.21	-28.99	55	102.33	19	49.23	-67	-151.56	6.00
59.27	-5.44	-2.69	-8.21	-8.79	14	57.52	32	57.19	-48	-114.71	6.00
59.33	-5.61	-7.32	-7.01	11.17	22	-7.34	8	71.64	-22	-64.30	6.00
59.39	-6.78	0.00	-4.82	28.87	5	-62.42	12	61.88	-27	0.54	6.00
59.45	-6.79	-0.31	-1.60	26.31	-62	-82.23	19	62.85	29	19.38	6.00
59.51	-6.89	9.40	1.04	17.58	-77	-69.02	31	36.75	21	32.27	6.00
59.57	-5.02	18.01	3.59	11.60	-5	-54.21	17	-4.30	30	58.52	6.00
59.63	-2.48	20.14	4.54	-3.91	-38	-9.75	-2	-33.45	58	43.20	6.00
59.69	0.15	21.61	3.72	-16.91	-1	42.11	-31	-61.58	45	19.47	6.00
59.75	1.24	6.90	1.90	-22.03	70	53.39	-63	-30.56	22	-22.83	6.00
59.81	0.45	-5.86	0.87	-14.65	51	22.33	-29	12.23	-60	-34.56	6.00
59.87	-1.11	-18.68	1.47	0.00	16	-42.68	-4	62.13	-34	-19.45	6.00
59.93	-2.31	-14.95	2.66	7.45	-42	-70.34	60	62.74	-18	7.61	6.00
59.99	-2.98	-2.99	3.32	3.05	-60	-51.40	61	35.57	6	15.83	6.00
60.05	-1.61	17.33	2.16	-9.64	-9	22.98	35	-33.61	16	10.63	6.00
60.11	0.35	27.04	0.31	-20.45	56	86.13	-3	-78.48	10	-7.65	6.00
60.17	1.87	24.96	-1.39	-16.42	82	93.84	-78	-86.58	-9	-7.26	6.00
60.23	2.62	0.49	-1.49	-5.62	85	37.95	-26	-25.31	-8	-12.64	6.00
60.29	0.54	-25.02	-0.84	6.84	6	-42.19	-9	64.74	-13	-22.55	6.00
60.35	-2.25	-35.77	-0.37	9.34	-24	-79.68	65	120.13	-23	-40.45	6.00
60.41	-4.13	-20.45	-0.57	3.30	-76	-50.74	120	94.64	-39	-43.90	6.00
60.47	-3.80	14.89	-1.01	-4.33	-2	21.83	27	-6.78	-40	-15.04	6.00
60.53	-0.76	36.87	-2.19	-13.31	47	97.25	-15	-95.71	-16	-1.54	6.00
60.59	2.31	39.25	-3.57	-12.88	103	124.49	-93	-130.34	-1	5.86	6.00
60.65	3.72	14.95	-4.15	-0.61	30	72.10	-26	-75.63	23	3.52	6.00
60.71	3.13	-4.33	-2.85	13.31	10	-1.30	-21	-16.48	0	17.78	6.00
60.77	1.75	-13.00	-1.28	25.70	7	-61.92	-16	20.19	16	41.73	6.00
60.83	1.33	-4.94	0.96	26.25	-58	-71.72	48	1.61	43	70.11	6.00
60.89	1.68	4.09	2.29	11.05	-71	-31.41	29	-26.74	65	58.16	6.00
60.95	2.88	10.07	1.73	-14.77	-35	49.14	-24	-54.35	28	5.21	6.00
61.01	3.69	8.85	-1.14	-36.68	48	126.64	-22	-58.33	3	-68.31	6.00
61.07	3.74	-0.98	-3.68	-30.09	127	117.35	-18	-31.40	-64	-85.95	6.00
61.13	2.31	-15.56	-4.48	-3.36	3	32.38	-8	22.24	-80	-54.62	6.00
61.19	1.51	-16.42	-2.24	26.31	21	-61.71	39	31.95	-34	29.76	6.00
61.25	0.64	-12.82	0.86	40.34	-66	-119.00	37	29.86	11	89.13	6.00
61.31	0.37	1.40	2.98	25.51	-113	-81.42	28	-7.29	86	88.71	6.00
61.37	0.20	4.46	1.80	-10.86	-1	19.11	-6	-14.25	38	-4.86	6.00
61.43	0.68	8.36	-0.90	-33.45	3	102.50	-12	-29.46	-25	-73.05	6.00
61.49	1.76	7.14	-2.84	-28.20	98	108.47	-28	-35.99	-70	-72.48	6.00
61.55	2.19	-3.97	-2.35	2.81	40	16.25	-34	-8.92	-71	-7.33	6.00
61.61	1.05	-13.55	-0.23	25.39	6	-73.48	-9	28.15	-5	45.33	6.00
61.67	-0.55	-21.00	2.26	31.68	-72	-126.00	5	63.51	39	62.49	6.00
61.73	-1.33	-14.10	3.98	17.27	-29	-98.78	61	51.37	59	47.41	6.00
61.79	-1.36	-0.61	2.47	-13.85	-17	6.80	47	14.10	41	-20.90	6.00
61.85	-0.70	9.52	0.19	-26.92	35	73.45	12	-20.12	5	-53.33	6.00
61.91	0.32	17.27	-1.92	-23.86	70	98.22	-58	-51.00	-51	-47.23	6.00
61.97	1.18	12.45	-2.67	-1.22	55	46.82	-49	-45.45	-40	-1.37	6.00
62.03	1.41	2.81	-0.70	21.48	1	-35.92	-40	-20.65	-8	56.58	6.00
62.09	0.65	-6.71	1.59	28.38	-52	-87.37	-24	12.73	57	74.64	6.00
62.15	-0.51	-17.46	3.36	18.43	-85	-97.70	-3	53.30	80	44.41	6.00
62.21	-1.91	-13.37	2.26	-12.45	-20	-15.16	52	54.68	27	-39.52	6.00
62.27	-1.88	0.00	-0.34	-31.74	-1	70.69	52	17.13	-1	-87.82	6.00
62.33	-0.42	25.76	-2.75	-28.50	68	124.43	16	-67.87	-82	-56.56	6.00
62.39	2.66	39.61	-3.73	-13.79	124	130.09	-66	-134.61	-35	4.52	6.00
62.45	4.78	27.40	-2.45	11.41	10	51.88	-35	-119.99	35	68.11	6.00
62.51	5.25	15.99	-0.49	24.11	12	-8.06	-17	-92.45	66	100.51	6.00
62.57	6.11	3.36	0.93	19.41	9	-21.62	-34	-65.14	45	86.75	6.00
62.63	5.86	4.64	0.86	4.82	2	14.78	-14	-66.46	28	51.68	6.00
62.69	6.77	4.27	0.67	-5.68	11	45.23	-21	-73.74	34	28.51	6.00
62.75	7.03	-5.13	1.47	3.91	41	3.94	-22	-49.91	30	45.97	6.00
62.81	6.21	-16.36	2.82	8.18	7	-36.45	-15	-11.12	25	47.57	6.00
62.87	4.27	-29.72	3.77	3.23	-36	-59.50	-8	43.82	38	15.68	6.00
62.93	1.78	-30.21	3.22	-7.75	-61	-40.66	39	67.84	20	-27.18	6.00
62.99	0.00	-20.20	1.89	-16.66	-6	-2.86	66	56.22	-10	-53.36	6.00
63.05	-0.55	0.00	0.61	-15.08	-1	29.03	57	4.98	-50	-34.02	6.00
63.11	1.25	20.14	0.59	-6.29	-1	44.29	3	-67.54	-30	23.25	6.00
63.17	2.99	19.84	1.20	3.36	48	23.74	-66	-82.58	50	58.84	6.00
63.23	3.92	7.39	2.41	12.15	24	-20.18	-38	-56.36	57	76.53	6.00
63.29	2.70	-14.28	3.56	8.18	-24	-55.38	-26	15.07	79	40.31	6.00
63.35	0.64	-21.73	3.32	-4.70	-47	-42.27	37	54.70	40	-12.43	6.00
63.41	-1.26	-21.36	1.87	-16.48	-14	-10.56	53	70.95	-19	-60.40	6.00
63.47	-2.07	-2.50	0.06	-24.84	-2	46.47	70	25.88	-59	-72.35	6.00
63.53	-0.31	22.28	-1.47	-15.20	9	77.92	23	-59.23	-68	-18.68	6.00
63.59	2.62	36.62	-1.65	-3.91	78	85.46	-58	-125.92	-18	40.46	6.00
63.65	4.59	20.75	-0.65	14.95	31	18.98	-45	-99.73	2	80.75	6.00
63.71	3.82	-4.70	1.18	20.81	5	-48.59	-17	-21.80	77	70.39	6.00
63.77	2.13	-24.96	2.82	15.56	-24	-84.86	-20	50.06	64	34.79	6.00
63.83	0.00	-24.84	2.69	-7.93	-81	-36.73	67	69.15	36	-32.42	6.00
63.89	-1.35	-14.77	0.59	-25.57	-12	30.27	68	53.47	-8	-83.74	6.00
63.95	-1.27	10.13	-1.87	-32.96	48	102.62	52	-16.64	-82	-85.98	6.00
64.01	1.48	33.75	-3.34	-21.67	104	132.42	1	-107.52	-28	-24.90	6.00
64.07	4.16	32.84	-3.60	0.00	12	93.17	-103	-129.45	-24	36.28	6.00
64.13	4.81	8.61	-1.54	21.36	30	-5.35	-21	-67.92	27	73.26	6.00
64.19	4.35	-11.35	0.76	26.00	-39	-64.68	-26	-8.10	71	72.79	6.00
64.25	2.44	-21.18	1.95	13.37	-68	-65.98	-7	36.68	66	29.31	6.00
64.31	1.10	-16.17	1.83	-11.96	-63	-3.16	37	35.04	26	-31.88	6.00
64.37	-0.04	-12.33	-0.17	-23.50	-10	40.71	33	34.66	-45	-75.37	6.00
64.43	0.12	8.54	-1.01	-23.19	39	76.35	34	-24.86	-74	-51.49	6.00
64.49	2.17	23.86	-1.79	-7.20	70	74.67	-22	-86.23	-42	11.56	6.00
64.55	4.31	26.00	-0.53	14.04	25	26.22	-91	-111.78	-4	85.56	6.00
64.61	4.52	13.00	1.36	23.99	23	-29.85	-32	-77.48	83	107.32	6.00
64.67	4.85	-4.46	2.77	18.31	-57	-50.16	-29	-31.87	45	82.03	6.00
64.73	3.66	-15.26	2.15	-0.24	-45	-21.00	-14	9.11	29	11.90	6.00
64.79	3.05	-19.17	0.87	-15.99	-17	18.93	-10	25.52	9	-44.45	6.00
64.85	1.35	-20.08	-0.78	-19.84	39	32.21	60	43.60	-44	-75.81	6.00
64.91	1.44	-10.68	-1.24	-7.93	35	20.61	42	16.61	-77	-37.22	6.00
64.97	1.52	0.00	-1.00	15.56	26	-22.71	16	-13.86	-31	36.57	6.00
65.03	2.28	9.70	1.65	33.02	-26	-68.81	-16	-47.82	43	116.63	6.00
65.09	2.29	6.10	3.75	23.25	-63	-66.79	-45	-37.95	118	104.73	6.00
65.15	2.19	-4.27	4.09	-4.58	-17	-17.24	-38	-8.08	34	25.33	6.00
65.21	1.33	-13.24	3.63	-19.04	-13	4.82	-11	24.78	25	-29.60	6.00
65.27	-0.55	-19.23	1.73	-28.99	38	26.99	-1	58.53	-27	-85.52	6.00
65.33	-1.61	-6.35	1.14	-10.07	4	-0.89	55	32.37	-85	-31.47	6.00
65.39	-0.82	7.69	1.57	-4.15	-3	4.51	29	-13.89	-30	9.38	6.00
65.45	1.36	24.96	2.63	11.17	4	-6.79	4	-81.92	-8	88.72	6.00
65.51	3.16	16.36	2.96	5.19	-3	1.29	-79	-74.40	88	73.11	6.00
65.57	3.17	-9.16	3.22	-3.66	1	-14.89	-25	-3.44	50	18.33	6.00
65.63	0.82	-29.91	2.03	-16.66	-10	-13.75	-2	75.79	16	-62.04	6.00
65.69	-1.75	-34.55	0.17	-25.27	-11	3.50	74	112.19	-60	-115.69	6.00
65.75	-3.01	-12.39	-1.15	-16.48	-4	17.87	104	62.00	-54	-79.87	6.00
65.81	-1.20	22.83	-0.13	6.65	14	11.29	19	-52.58	-28	41.29	6.00
65.87	1.67	36.87	0.94	13.49	17	18.97	-52	-117.87	41	98.89	6.00
65.93	3.74	24.23	1.29	11.66	19	12.49	-110	-101.61	98	89.12	6.00
65.99	2.16	-16.17	1.00	0.43	10	-21.59	-22	25.29	33	-3.70	6.00
66.05	-0.66	-35.83	0.81	-2.14	-2	-54.14	6	105.77	14	-51.63	6.00
66.11	-2.54	-27.95	0.01	-3.05	-52	-43.26	103	101.07	-50	-57.81	6.00
66.17	-3.27	-2.32	0.50	1.89	-44	-26.71	40	36.35	-59	-9.64	6.00
66.23	-2.54	17.76	1.75	10.74	-25	-26.63	39	-26.22	-13	52.85	6.00
66.29	0.52	39.73	2.02	4.58	-28	30.66	-4	-115.39	50	84.74	6.00
66.35	2.94	30.94	1.46	-3.36	28	53.05	-114	-112.98	79	59.93	6.00
66.41	3.63	13.43	1.41	-12.51	50	54.24	-31	-70.50	47	16.26	6.00
66.47	2.14	-19.29	-0.14	-16.05	49	22.75	-19	34.13	14	-56.87	6.00
66.53	-0.22	-28.02	-0.92	-11.72	21	-4.43	47	79.99	-55	-75.56	6.00
66.59	-1.89	-16.36	-1.16	-3.66	-39	-13.36	77	62.77	-73	-49.41	6.00
66.65	-1.21	0.79	0.16	16.66	-23	-45.88	61	8.87	-52	37.01	6.00
66.71	0.28	20.26	1.99	18.86	-42	-31.69	9	-59.01	72	90.70	6.00
66.77	2.24	19.96	2.40	6.53	-30	3.29	-57	-76.03	85	72.73	6.00
66.83	2.79	3.85	0.66	-18.01	-11	56.32	-74	-36.15	36	-20.16	6.00
66.89	1.67	-13.73	-1.88	-31.37	54	79.02	-15	22.97	-44	-101.99	6.00
66.95	-0.19	-21.85	-3.56	-20.20	84	45.54	45	62.62	-103	-108.16	6.00
67.01	-1.57	-18.49	-2.67	2.69	25	-18.32	62	65.88	-40	-47.56	6.00
67.07	-2.42	-6.84	-2.03	18.74	0	-49.67	65	41.13	-43	8.54	6.00
67.13	-0.95	14.59	0.24	31.49	-45	-61.90	40	-31.93	-6	93.82	6.00
67.19	0.67	19.84	1.68	14.22	-62	-16.85	-48	-61.40	88	78.25	6.00
67.25	1.40	10.31	0.62	-6.47	-17	31.45	-59	-41.50	27	10.05	6.00
67.31	-0.04	-14.16	-1.82	-34.91	18	78.71	-41	39.80	9	-118.52	6.00
67.37	-1.37	-16.54	-4.11	-28.69	79	72.37	68	58.61	-117	-130.98	6.00
67.43	-2.04	-11.29	-3.81	-8.24	80	25.02	58	50.03	-50	-75.05	6.00
67.49	-1.94	9.22	-3.84	7.32	27	16.70	49	-7.97	-56	-8.74	6.00
67.55	0.12	24.72	-2.16	27.47	20	-14.17	5	-69.97	-8	84.14	6.00
67.61	1.35	16.97	-0.10	23.07	-43	-25.01	-67	-59.60	80	84.61	6.00
67.67	0.21	-8.30	0.94	13.55	-19	-50.70	-22	21.19	49	29.50	6.00
67.73	-2.59	-36.38	0.15	-9.40	-51	-41.00	1	124.93	23	-83.94	6.00
67.79	-4.76	-26.79	-1.59	-23.25	-21	9.60	118	118.04	-81	-127.64	6.00
67.85	-4.88	0.98	-3.43	-20.26	11	55.08	35	41.84	-40	-96.92	6.00
67.91	-2.06	35.89	-3.84	-9.70	57	94.29	23	-81.10	-38	-13.19	6.00
67.97	1.19	42.97	-2.97	11.35	87	61.40	-79	-130.50	-16	69.10	6.00
68.03	2.93	19.47	-0.92	27.59	38	-18.76	-27	-80.98	65	99.74	6.00
68.09	2.19	-13.55	0.91	19.04	-26	-61.99	-18	17.72	103	44.27	6.00
68.15	-0.85	-39.18	1.29	5.19	-59	-81.11	-4	116.87	25	-35.76	6.00
68.21	-3.33	-30.27	0.34	-12.39	-79	-30.12	112	114.67	-68	-84.55	6.00
68.27	-4.56	-18.92	-1.09	-12.82	-17	-7.59	53	94.33	-83	-86.73	6.00
68.33	-4.09	16.72	-1.30	3.30	-1	6.95	45	-9.24	-58	2.29	6.00
68.39	-1.42	36.25	-0.27	8.91	-13	24.63	-38	-88.04	37	63.41	6.00
68.45	1.29	38.09	-0.49	5.49	5	49.54	-84	-117.83	61	68.30	6.00
68.51	2.60	11.84	-0.57	-7.08	41	49.96	-29	-56.75	63	6.79	6.00
68.57	0.80	-21.24	-1.75	-12.76	48	18.68	-14	51.84	6	-70.52	6.00
68.63	-1.58	-29.24	-1.89	-5.13	24	-20.61	48	95.85	-69	-75.24	6.00
68.69	-2.41	-16.66	-2.78	-2.75	-29	-5.53	94	68.37	-75	-62.83	6.00
68.75	-1.44	16.54	-2.89	10.13	-6	14.93	31	-32.95	-62	18.02	6.00
68.81	1.30	36.25	-1.37	18.86	15	21.78	-18	-112.87	45	91.09	6.00
68.87	3.45	27.59	0.02	15.14	18	17.54	-105	-108.32	88	90.79	6.00
68.93	3.26	-3.78	0.88	3.11	17	-4.81	-22	-19.24	42	24.05	6.00
68.99	0.83	-31.80	-0.19	-10.25	-37	-14.24	-21	80.93	20	-66.70	6.00
69.05	-1.88	-33.75	-0.82	-10.99	-4	-22.62	78	111.17	-65	-88.55	6.00
69.11	-3.35	-13.37	-0.77	-3.36	-25	-19.66	70	67.77	-84	-48.11	6.00
69.17	-1.49	20.02	-0.68	3.23	-21	18.66	18	-42.14	-34	23.49	6.00
69.23	1.44	37.72	0.40	14.34	26	21.32	-44	-118.14	4	96.83	6.00
69.29	3.48	27.22	1.62	11.23	26	13.92	-111	-107.63	96	93.71	6.00
69.35	4.21	-0.37	1.87	4.70	17	-7.43	-26	-37.42	42	44.85	6.00
69.41	2.36	-23.50	2.12	-2.69	3	-32.21	-13	43.91	28	-11.70	6.00
69.47	0.52	-25.88	0.93	-9.95	-31	-16.97	9	67.29	7	-50.32	6.00
69.53	-0.13	-11.60	-0.08	-6.16	-18	-1.24	63	33.51	-46	-32.27	6.00
69.59	0.89	10.19	0.19	-5.49	-1	29.97	33	-36.49	-32	6.53	6.00
69.65	2.98	23.32	0.57	3.91	22	32.11	-34	-92.12	6	60.01	6.00
69.71	4.77	17.76	0.86	6.84	37	23.21	-88	-93.06	58	69.85	6.00
69.77	3.79	-8.67	1.61	8.48	15	-28.00	-24	-10.45	37	38.45	6.00
69.83	1.46	-28.99	1.47	-0.31	-60	-44.53	-12	67.36	35	-22.83	6.00
69.89	-0.69	-33.14	0.23	-10.86	-43	-24.94	63	98.61	0	-73.67	6.00
69.95	-2.21	-13.92	-0.36	-11.11	-24	0.13	94	58.94	-72	-59.07	6.00
70.01	-0.95	16.17	-0.78	1.22	-21	21.36	31	-36.34	-57	14.97	6.00
70.07	1.79	34.97	0.41	15.01	18	17.41	-13	-113.70	2	96.29	6.00
70.13	4.21	29.72	1.58	14.65	22	12.78	-108	-121.19	94	108.41	6.00
70.19	4.55	5.37	2.47	5.62	7	-4.84	-41	-56.50	61	61.34	6.00
70.25	3.35	-15.63	0.89	-14.65	-9	21.82	-34	12.92	45	-34.74	6.00
70.31	2.79	-20.45	-0.06	-18.86	24	30.21	-3	31.49	-32	-61.69	6.00
70.37	0.99	-18.55	-1.12	-14.53	24	22.59	32	42.58	-61	-65.18	6.00
70.43	1.82	2.69	-0.69	8.06	20	-1.92	43	-24.10	-63	26.02	6.00
70.49	2.56	15.50	1.38	23.74	7	-34.92	-3	-66.51	62	101.42	6.00
70.55	3.55	23.44	3.09	20.20	-31	-24.29	-63	-97.67	100	121.96	6.00
70.61	4.78	8.97	2.96	1.22	-23	7.95	-31	-68.61	41	60.66	6.00
70.67	4.47	2.87	1.37	-18.37	-5	57.84	-20	-48.80	25	-9.04	6.00
70.73	4.42	-0.79	-0.48	-20.51	59	72.31	-23	-38.15	-31	-34.16	6.00
70.79	4.92	-3.42	-0.84	-7.08	67	41.42	-15	-35.43	-33	-5.99	6.00
70.85	4.93	-10.68	-0.07	5.92	46	-6.12	-20	-15.26	-6	21.38	6.00
70.91	4.27	-21.73	1.01	13.37	4	-50.99	-12	21.52	20	29.48	6.00
70.97	2.15	-25.82	2.12	10.74	-50	-68.80	56	52.25	28	16.55	6.00
71.03	-0.04	-24.60	2.06	-2.81	-65	-43.94	49	68.85	16	-24.92	6.00
71.09	-1.15	-9.83	0.79	-11.96	-1	3.64	69	37.87	-24	-41.51	6.00
71.15	0.11	9.83	-0.14	-15.14	-5	51.81	20	-28.35	-39	-23.46	6.00
71.21	2.11	21.67	-0.66	-8.85	52	66.37	-8	-79.61	-20	13.24	6.00
71.27	3.74	15.87	-0.61	-4.03	65	53.72	-80	-78.39	-2	24.66	6.00
71.33	4.18	-4.21	-0.50	2.62	48	10.83	-41	-26.47	24	15.64	6.00
71.39	1.70	-31.49	0.35	7.08	9	-55.92	-18	72.16	15	-16.24	6.00
71.45	-1.13	-35.77	0.58	8.67	-50	-80.47	68	109.92	-15	-29.46	6.00
71.51	-3.63	-29.60	0.54	3.36	-74	-70.15	105	115.61	-26	-45.46	6.00
71.57	-3.79	2.14	0.63	-2.81	-3	-12.54	30	28.68	-44	-16.14	6.00
71.63	-1.98	18.86	-0.61	-15.14	-13	58.51	18	-34.43	-16	-24.08	6.00
71.69	0.25	28.99	-2.48	-18.31	54	105.25	-9	-83.02	-23	-22.23	6.00
71.75	2.23	17.52	-4.02	-23.01	107	121.85	-80	-69.13	-16	-52.72	6.00
71.81	2.02	-2.26	-4.82	-4.82	19	55.82	-28	-12.18	-42	-43.64	6.00
71.87	0.38	-23.38	-4.20	5.31	47	-10.41	-10	61.59	-39	-51.17	6.00
71.93	-1.13	-22.28	-3.14	12.27	5	-40.94	60	72.34	-29	-31.39	6.00
71.99	-0.72	-1.53	-2.86	-2.32	-36	22.77	71	10.87	-26	-33.63	6.00
72.05	1.34	27.89	-3.20	-14.89	24	106.15	8	-89.93	-36	-16.22	6.00
72.11	4.87	42.05	-4.36	-21.79	45	167.80	-88	-161.55	-15	-6.25	6.00
72.17	6.86	30.52	-4.30	-15.75	41	145.80	-24	-147.60	-2	1.80	6.00
72.23	8.52	21.36	-4.71	-3.30	28	113.85	-7	-137.33	25	23.48	6.00
72.29	10.31	14.65	-4.19	4.82	1	89.00	-24	-134.99	21	45.98	6.00
72.35	11.65	9.16	-2.98	16.42	23	49.89	-28	-131.87	46	81.98	6.00
72.41	12.04	-1.53	-0.68	17.82	17	15.23	-25	-105.73	43	90.50	6.00
72.47	11.03	-15.99	2.18	24.29	4	-47.67	-24	-56.24	36	103.92	6.00
72.53	10.40	-16.36	4.31	19.47	-59	-56.30	-30	-49.42	42	105.71	6.00
72.59	8.03	-24.17	5.91	18.49	-52	-88.32	-36	-6.02	40	94.35	6.00
72.65	5.79	-27.40	7.43	14.10	-36	-104.47	-8	23.40	40	81.08	6.00
72.71	3.91	-24.54	8.16	4.58	-53	-91.87	23	32.61	41	59.26	6.00
72.77	4.14	-9.52	6.47	-23.99	-3	12.34	32	-11.30	44	-1.05	6.00
72.83	4.22	-5.00	3.30	-40.95	-3	84.97	-16	-24.57	-35	-60.40	6.00
72.89	4.08	-12.02	0.50	-38.82	78	91.52	-27	-3.79	-59	-87.73	6.00
72.95	1.78	-27.53	-0.53	-13.06	94	5.47	-4	60.43	-70	-65.90	6.00
73.01	-0.50	-31.49	0.85	12.82	3	-83.80	57	92.30	-29	-8.51	6.00
73.07	-1.87	-24.29	2.78	17.40	-81	-106.35	9	84.76	-6	21.59	6.00
73.13	-2.90	-10.99	3.05	3.05	-19	-60.05	23	57.07	1	2.98	6.00
73.19	-2.53	2.93	1.87	-16.17	-3	16.76	17	14.97	4	-31.73	6.00
73.25	-2.00	2.87	0.25	-24.35	-4	51.64	17	10.24	-31	-61.88	6.00
73.31	-2.01	4.27	-0.53	-10.93	48	27.34	12	6.44	-59	-33.78	6.00
73.37	-1.03	5.25	0.48	6.16	29	-16.03	8	-5.26	-30	21.28	6.00
73.43	-1.09	4.46	1.60	20.39	-9	-60.58	10	-2.48	-2	63.06	6.00
73.49	-0.17	-1.95	3.58	29.79	-61	-103.64	0	7.03	64	96.62	6.00
73.55	-0.41	-14.22	5.22	12.08	-19	-92.13	6	43.36	42	48.77	6.00
73.61	-1.10	-23.32	4.73	-1.53	-1	-71.23	44	74.97	9	-3.74	6.00
73.67	-2.41	-19.04	4.91	-3.72	-34	-67.34	75	75.00	6	-7.65	6.00
73.73	-1.16	2.08	5.49	0.00	-21	-45.82	13	4.80	8	41.02	6.00
73.79	0.87	18.07	6.66	8.48	-15	-43.98	6	-58.25	39	102.23	6.00
73.85	1.92	20.75	5.77	-8.91	-13	13.51	-56	-75.30	35	61.79	6.00
73.91	2.72	2.50	4.66	-8.61	-5	-0.21	-73	-31.81	27	32.02	6.00
73.97	1.99	-9.34	3.51	-8.61	-10	-10.96	-24	7.86	30	3.10	6.00
74.03	0.15	-22.77	2.97	-2.44	-10	-48.60	-7	62.05	3	-13.45	6.00
74.09	-1.88	-22.95	3.10	-0.31	-2	-64.32	59	81.09	1	-16.77	6.00
74.15	-2.74	-10.31	3.33	-6.53	-20	-37.47	75	53.73	-16	-16.27	6.00
74.21	-1.62	10.19	3.27	-6.59	-3	-3.17	16	-13.57	-17	16.75	6.00
74.27	0.18	20.63	2.22	-11.35	-7	39.33	1	-59.05	16	19.72	6.00
74.33	1.09	15.14	1.01	-8.42	30	38.35	-57	-52.09	22	13.74	6.00
74.39	1.22	2.32	1.34	-5.86	37	12.36	-51	-17.62	14	5.27	6.00
74.45	-0.60	-21.79	0.88	0.98	14	-42.42	-19	66.18	6	-23.76	6.00
74.51	-2.93	-26.98	0.95	0.98	-38	-60.78	62	101.85	-21	-41.07	6.00
74.57	-4.83	-25.02	1.33	-0.55	-59	-66.10	98	113.77	-40	-47.67	6.00
74.63	-3.89	4.88	0.62	-7.32	-13	1.77	24	21.95	-50	-23.72	6.00
74.69	-2.66	13.37	-0.85	-11.90	-9	41.87	21	-12.90	-19	-28.97	6.00
74.75	-0.63	21.85	-1.79	-15.87	41	80.02	-8	-55.12	-26	-24.90	6.00
74.81	-0.35	-0.24	-3.14	-9.70	72	46.29	-53	3.90	-22	-50.18	6.00
74.87	-1.66	-12.51	-3.14	2.44	41	-6.08	-4	49.98	-36	-43.90	6.00
74.93	-3.48	-20.69	-2.32	13.67	12	-59.29	49	89.38	-39	-30.08	6.00
74.99	-4.66	-8.91	-1.33	19.59	-51	-70.41	56	67.34	-27	3.07	6.00
75.05	-3.80	11.60	0.00	11.84	-64	-29.81	24	2.44	4	27.37	6.00
75.11	-2.05	18.01	-0.27	-6.96	-23	34.66	1	-31.43	28	-3.23	6.00
75.17	-0.50	22.16	-2.09	-20.32	9	94.12	-45	-57.13	-3	-36.99	6.00
75.23	0.68	9.46	-3.45	-21.18	95	94.59	-56	-32.53	-36	-62.06	6.00
75.29	0.35	-4.15	-4.15	-0.92	40	30.88	-27	8.35	-63	-39.23	6.00
75.35	-1.58	-20.45	-2.32	23.93	5	-75.03	41	71.35	-38	3.68	6.00
75.41	-3.35	-22.46	0.72	38.82	-78	-145.88	69	93.14	35	52.74	6.00
75.47	-3.95	-6.41	3.11	25.76	-16	-113.64	30	53.89	54	59.75	6.00
75.53	-3.59	-4.21	2.68	-3.11	-49	-35.93	30	44.49	56	-8.56	6.00
75.59	-3.36	11.72	0.81	-28.02	-22	62.12	36	-1.95	6	-60.18	6.00
75.65	-2.14	10.38	-1.06	-28.32	61	81.40	13	-9.36	-56	-72.04	6.00
75.71	-2.03	10.07	-2.41	-15.38	75	60.91	9	-9.47	-68	-51.44	6.00
75.77	-1.50	-1.22	-1.70	6.65	63	-11.19	-7	17.13	-34	-5.94	6.00
75.83	-2.68	-20.75	-0.04	15.93	4	-79.25	14	82.22	-2	-2.97	6.00
75.89	-4.42	-20.26	1.25	13.98	-72	-91.95	80	96.76	-3	-4.81	6.00
75.95	-5.18	-19.53	1.28	-7.93	-23	-41.82	16	101.73	-6	-59.91	6.00
76.01	-6.06	-13.37	-0.88	-22.58	-11	15.15	22	92.58	-34	-107.72	6.00
76.07	-7.00	-8.42	-2.46	-32.59	-6	54.39	24	87.37	-27	-141.76	6.00
76.13	-7.89	-13.61	-4.86	-28.14	55	51.30	15	109.97	-35	-161.27	6.00
76.19	-9.33	-16.78	-6.40	-18.74	47	29.85	13	131.90	-32	-161.75	6.00
76.25	-10.99	-23.56	-6.92	-4.46	29	-17.55	17	165.99	-36	-148.44	6.00
76.31	-13.53	-26.61	-5.07	15.63	-43	-96.40	27	197.65	-40	-101.25	6.00
76.37	-15.42	-19.71	-2.53	20.81	-93	-127.99	22	195.68	-31	-67.70	6.00
76.43	-16.41	-5.86	-1.18	16.11	-1	-112.59	26	166.20	-32	-53.61	6.00
76.49	-16.40	11.54	-0.58	2.69	-25	-60.71	18	117.61	-32	-56.90	6.00
76.55	-15.29	28.75	-0.53	2.14	-1	-30.74	22	59.59	-37	-28.85	6.00
76.61	-11.96	46.26	0.19	6.04	-1	-6.24	20	-19.60	-29	25.84	6.00
76.67	-7.49	63.42	0.65	11.96	-4	20.07	1	-108.15	49	88.09	6.00
76.73	-3.21	60.30	0.85	6.47	56	46.93	-100	-138.58	84	91.65	6.00
76.79	-0.35	36.68	0.76	-2.81	45	50.22	-29	-98.91	41	48.69	6.00
76.85	-0.52	6.23	-0.35	-10.80	55	35.14	-12	-12.63	25	-22.51	6.00
