8.87	57.60	1.89	-5.95	-8.18	0	-25.80	-43	
8.92	57.34	2.56	-6.42	-10.56	-42	-26.50	-44	
8.96	57.13	2.62	-6.83	-9.89	-42	-26.55	-44	
9.00	56.87	1.89	-7.01	-2.44	-21	-25.17	-42	
9.04	56.57	0.98	-6.99	3.36	-1	-23.91	-40	
9.08	56.30	1.16	-6.75	5.74	-1	-23.26	-39	
9.12	56.08	2.56	-6.51	4.27	-1	-23.44	-39	
9.16	55.92	3.97	-6.46	0.00	-1	-24.26	-40	
9.20	55.80	5.13	-6.56	-3.97	-1	-25.11	-42	
9.24	55.71	5.43	-6.60	-6.90	-1	-25.66	-43	
9.28	55.64	5.37	-6.46	-9.09	-1	-25.94	-43	
9.32	55.58	5.37	-6.21	-11.29	-1	-26.16	-43	
9.36	55.52	5.43	-6.01	-11.47	-1	-26.06	-43	
9.40	55.50	7.26	-6.01	-6.59	-1	-25.37	-42	
9.44	55.48	8.06	-6.14	1.83	-1	-24.00	-40	
9.48	55.41	7.51	-6.34	9.22	-1	-22.72	-38	
9.52	55.18	3.78	-6.52	10.13	-1	-22.20	-37	
9.56	54.77	-0.98	-6.77	5.98	-1	-22.46	-37	
9.60	54.23	-4.27	-7.09	1.22	-1	-22.98	-38	
9.64	53.65	-5.62	-7.38	-1.53	-1	-23.30	-39	
9.68	53.12	-4.58	-7.58	-3.23	-1	-23.65	-39	
9.72	52.67	-2.75	-7.72	-4.15	-1	-23.94	-40	
9.76	52.28	-1.34	-7.87	-4.70	-1	-24.13	-40	
9.80	51.91	-0.61	-8.05	-4.15	-1	-24.09	-40	
9.84	51.52	-1.16	-8.19	-3.48	-1	-23.86	-40	
9.88	51.10	-1.89	-8.25	-2.62	-1	-23.52	-39	
9.92	50.69	-1.71	-8.24	-1.53	-1	-23.19	-38	
9.96	50.34	-0.43	-8.14	-0.67	-1	-22.98	-38	
10.00	50.10	2.38	-8.01	0.37	-1	-22.92	-38	
10.04	49.96	4.88	-7.90	0.24	-1	-23.08	-38	
10.08	49.88	6.53	-7.85	0.00	-1	-23.24	-39	
10.12	49.78	6.35	-7.82	0.00	-1	-23.17	-38	
10.16	49.62	4.46	-7.69	1.34	-1	-22.59	-37	
10.20	49.36	2.08	-7.47	2.62	-1	-21.89	-36	
10.24	49.01	-0.37	-7.23	2.62	-1	-21.36	-35	
10.28	48.59	-1.95	-7.09	1.89	-1	-21.09	-35	
10.32	48.11	-3.11	-7.03	0.79	-1	-20.96	-35	
10.36	47.60	-3.78	-6.98	0.79	-1	-20.68	-34	
10.40	47.07	-4.27	-6.89	1.40	-1	-20.28	-34	
10.44	46.53	-4.58	-6.74	2.08	-1	-19.84	-33	
10.48	45.99	-4.70	-6.59	2.26	-1	-19.51	-32	
10.52	45.43	-4.88	-6.42	2.56	-1	-19.13	-32	
10.56	44.89	-4.52	-6.23	3.36	-17	-18.72	-31	
10.60	44.35	-4.46	-5.97	5.00	-17	-18.08	-30	
10.64	43.82	-4.15	-5.64	6.84	-16	-17.39	-29	
10.68	43.29	-4.15	-5.27	8.12	-15	-16.74	-28	
10.72	42.74	-4.52	-4.95	7.63	-17	-16.40	-27	
10.76	42.16	-4.94	-4.73	5.92	-4	-16.32	-27	
10.80	41.56	-5.68	-4.59	4.03	-2	-16.28	-27	
10.84	40.95	-5.62	-4.48	2.56	-2	-16.27	-27	
10.88	40.37	-5.19	-4.40	1.22	-2	-16.30	-27	
10.92	39.81	-4.39	-4.37	-0.24	-2	-16.43	-27	
10.96	39.29	-3.54	-4.35	-1.16	-3	-16.48	-27	
11.00	38.80	-2.93	-4.34	-1.65	-2	-16.46	-27	
11.04	38.33	-2.20	-4.34	-1.77	-2	-16.39	-27	
11.08	37.89	-1.40	-4.34	-1.89	-2	-16.34	-27	
11.12	37.48	-0.67	-4.32	-1.53	-2	-16.19	-27	
11.16	37.09	0.00	-4.28	-0.49	-3	-15.91	-26	
11.20	36.71	0.00	-4.21	0.37	-13	-15.57	-26	
11.24	36.32	0.00	-4.11	1.28	-1	-15.21	-25	
11.28	35.91	-0.43	-4.04	1.22	-1	-14.98	-25	
11.32	35.49	-0.55	-3.95	0.98	-1	-14.82	-25	
11.36	35.07	-0.73	-3.92	0.00	-3	-14.80	-25	
11.40	34.64	-0.85	-3.89	-0.92	-2	-14.78	-25	
11.44	34.22	-0.73	-3.91	-1.65	-1	-14.79	-25	
11.48	33.78	-0.98	-3.92	-2.14	-3	-14.70	-24	
11.52	33.36	-0.73	-3.92	-2.01	-1	-14.56	-24	
11.56	32.92	-0.98	-3.93	-1.71	-2	-14.33	-24	
11.60	32.49	-0.85	-3.87	-0.85	-2	-14.00	-23	
11.64	32.06	-0.67	-3.82	0.00	-2	-13.68	-23	
11.68	31.63	-0.73	-3.72	0.73	-3	-13.32	-22	
11.72	31.22	0.00	-3.61	1.34	-7	-13.08	-22	
11.76	30.82	0.00	-3.50	1.34	-1	-12.87	-21	
11.80	30.44	0.92	-3.43	0.79	-1	-12.88	-21	
11.84	30.09	1.46	-3.40	-0.37	-1	-13.01	-22	
11.88	29.77	2.20	-3.42	-1.65	-1	-13.21	-22	
11.92	29.47	2.87	-3.47	-2.26	-1	-13.31	-22	
11.96	29.20	3.30	-3.48	-2.20	-1	-13.26	-22	
12.00	28.92	3.36	-3.47	-1.53	-1	-13.04	-22	
12.04	28.63	3.05	-3.42	-0.55	-1	-12.70	-21	
12.08	28.32	2.50	-3.34	0.73	-1	-12.25	-20	
12.12	27.99	1.95	-3.19	1.83	-1	-11.78	-20	
12.16	27.65	1.89	-3.03	2.14	-1	-11.51	-19	
12.20	27.33	2.32	-2.89	1.77	-1	-11.42	-19	
12.24	27.02	2.69	-2.78	1.22	-4	-11.38	-19	
12.28	26.73	3.30	-2.66	1.28	-3	-11.25	-19	
12.32	26.46	3.54	-2.54	1.34	-4	-11.09	-18	
12.36	26.19	3.66	-2.41	1.22	-4	-10.95	-18	
12.40	25.91	3.66	-2.34	0.49	-2	-10.94	-18	
12.44	25.64	3.72	-2.34	-0.55	-2	-11.04	-18	
12.48	25.38	4.03	-2.31	-0.79	-3	-11.00	-18	
12.52	25.08	3.11	-2.28	-0.61	-4	-10.75	-18	
12.56	24.74	1.89	-2.18	0.00	-4	-10.33	-17	
12.60	24.33	0.37	-2.10	0.61	-2	-9.87	-16	
12.64	23.88	-0.85	-1.96	1.16	-1	-9.39	-16	
12.68	23.39	-1.53	-1.82	1.40	-2	-9.03	-15	
12.72	22.87	-2.44	-1.74	0.73	-3	-8.82	-15	
12.76	22.34	-2.38	-1.66	0.00	-3	-8.72	-14	
12.80	21.80	-2.81	-1.67	-1.16	-1	-8.69	-14	
12.84	21.26	-2.75	-1.64	-1.59	-2	-8.57	-14	
12.88	20.75	-2.01	-1.66	-1.40	-2	-8.44	-14	
12.92	20.27	-1.22	-1.59	-1.04	-2	-8.24	-14	
12.96	19.84	0.00	-1.54	-0.37	-2	-8.06	-13	
13.00	19.44	0.85	-1.45	0.00	-2	-7.89	-13	
13.04	19.06	1.28	-1.35	0.37	-2	-7.67	-13	
13.08	18.66	1.04	-1.26	0.67	-3	-7.40	-12	
13.12	18.26	0.73	-1.13	1.10	-2	-7.07	-12	
13.16	17.85	0.67	-1.03	1.22	-2	-6.83	-11	
13.20	17.42	0.37	-0.92	1.04	-2	-6.61	-11	
13.24	17.00	0.43	-0.81	0.73	-2	-6.46	-11	
13.28	16.56	0.00	-0.72	0.49	-2	-6.25	-10	
13.32	16.13	0.00	-0.62	0.00	-2	-6.11	-10	
13.36	15.73	1.10	-0.62	-1.71	-2	-6.39	-11	
13.40	15.43	3.60	-0.82	-5.25	-2	-7.31	-12	
13.44	15.30	8.12	-1.26	-10.56	-2	-8.95	-15	
13.48	15.39	13.37	-1.94	-16.30	-2	-10.97	-18	
13.52	15.71	19.29	-2.75	-20.14	-2	-12.89	-21	
13.56	16.20	23.32	-3.51	-20.39	-2	-14.00	-23	
13.60	16.81	25.70	-4.05	-17.52	-2	-14.28	-24	
13.64	17.46	26.55	-4.45	-13.67	-2	-14.15	-23	
13.68	18.12	26.73	-4.67	-10.62	-2	-14.00	-23	
13.72	18.76	26.06	-4.83	-8.42	-2	-13.85	-23	
13.76	19.32	24.17	-4.96	-7.20	-2	-13.72	-23	
13.80	19.77	21.48	-5.00	-5.92	-2	-13.40	-22	
13.84	20.07	18.01	-5.09	-4.58	-2	-12.95	-22	
13.88	20.21	14.10	-5.09	-2.44	-2	-12.21	-20	
13.92	20.17	9.83	-5.01	0.00	-2	-11.27	-19	
13.96	19.95	4.94	-4.79	1.71	-2	-10.24	-17	
14.00	19.56	0.73	-4.57	2.32	-2	-9.42	-16	
14.04	19.00	-3.17	-4.41	1.46	-2	-8.88	-15	
14.08	18.33	-6.35	-4.25	0.79	-2	-8.33	-14	
14.12	17.55	-8.54	-4.14	0.61	-2	-7.79	-13	
14.16	16.68	-10.44	-4.05	1.65	-2	-7.04	-12	
14.20	15.77	-12.08	-3.76	3.97	-2	-5.96	-10	
14.24	14.70	-15.63	-3.44	6.77	-2	-4.51	-7	
14.28	13.51	-20.26	-2.81	10.50	-2	-2.55	-4	
14.32	12.03	-25.76	-2.12	15.44	-2	-0.14	0	
14.36	10.42	-30.88	-0.97	22.64	9	2.96	5	
14.40	8.63	-34.91	0.49	31.07	28	6.43	11	
14.44	6.70	-38.70	2.28	37.48	40	9.76	16	
14.48	4.60	-41.81	4.07	39.12	-4	12.23	20	
14.52	2.39	-44.98	5.69	34.42	21	13.50	22	
14.56	0.10	-46.33	6.58	25.82	12	13.45	22	
14.60	-1.73	-44.68	6.81	16.48	14	12.40	21	
14.64	-3.15	-40.28	6.77	8.85	22	11.05	18	
14.68	-4.08	-33.39	6.69	3.36	23	9.63	16	
14.72	-4.84	-25.51	6.34	0.00	10	8.27	14	
14.76	-5.04	-16.42	6.22	-1.04	8	7.14	12	
14.80	-4.89	-7.51	6.11	-1.34	23	6.03	10	
14.84	-4.36	1.83	5.96	-2.56	10	4.57	8	
14.88	-3.37	13.06	5.73	-5.86	9	2.32	4	
14.92	-1.95	24.23	5.19	-10.44	3	-0.50	-1	
14.96	-0.15	34.00	4.44	-14.34	22	-3.31	-5	
15.00	1.92	40.04	3.78	-16.05	0	-5.39	-9	
15.04	3.90	43.21	2.77	-15.50	0	-6.94	-12	
15.08	5.20	42.48	2.49	-12.82	-15	-7.02	-12	
15.12	6.33	38.39	2.35	-9.22	-16	-6.44	-11	
15.16	7.21	32.04	2.38	-5.43	-13	-5.40	-9	
15.20	7.87	24.05	2.60	-3.05	-12	-4.24	-7	
15.24	8.06	14.95	2.72	-2.08	-3	-3.11	-5	
15.28	7.82	5.13	2.74	-1.95	-6	-1.97	-3	
15.32	7.21	-4.15	2.71	-1.89	-2	-0.80	-1	
15.36	6.29	-11.90	2.54	-1.65	-1	0.27	0	
15.40	5.11	-18.37	2.37	-1.28	0	1.32	2	
15.44	3.76	-22.64	2.26	-0.92	1	2.24	4	
15.48	2.32	-24.54	2.30	-0.31	1	3.08	5	
15.52	1.81	-23.44	2.46	0.00	5	3.30	5	
15.56	1.44	-20.20	2.60	0.00	7	3.18	5	
15.60	1.21	-15.93	2.36	-0.73	14	2.55	4	
15.64	1.22	-10.99	2.28	-2.69	5	1.63	3	
15.68	1.45	-5.74	2.12	-4.15	1	0.64	1	
15.72	1.89	-0.37	1.88	-4.27	0	-0.25	0	
15.76	2.52	4.46	1.83	-2.75	0	-0.73	-1	
15.80	2.68	8.24	2.22	-0.85	0	-0.59	-1	
15.84	2.72	10.74	1.99	0.37	0	-0.79	-1	
15.88	3.58	11.72	1.78	0.85	-1	-1.23	-2	
15.92	3.62	10.80	2.07	1.10	-1	-0.94	-2	
15.96	3.47	7.81	2.07	0.98	-1	-0.60	-1	
16.00	3.18	4.03	2.01	-0.24	0	-0.35	-1	
16.04	3.58	-0.37	1.71	-2.99	0	-0.72	-1	
16.08	3.10	-4.94	1.06	-7.02	0	-1.20	-2	
16.12	2.36	-7.08	0.54	-10.68	-1	-1.69	-3	
16.16	2.17	-6.53	0.49	-12.33	-2	-2.00	-3	
16.20	2.42	-3.36	0.30	-10.62	-3	-2.23	-4	
16.24	2.75	-0.67	0.32	-6.59	-4	-1.89	-3	
16.28	2.84	1.53	0.71	-1.71	-2	-1.04	-2	
16.32	3.19	3.05	1.17	1.77	-2	-0.41	-1	
16.36	3.78	3.72	1.44	3.72	0	-0.18	0	
16.40	3.80	3.42	1.16	4.15	0	-0.24	0	
16.44	3.48	2.44	1.16	4.39	0	0.02	0	
16.48	3.10	1.59	1.44	4.76	0	0.47	1	
16.52	3.15	1.40	2.08	4.70	0	0.86	1	
16.56	2.87	1.46	2.51	2.99	0	0.91	2	
16.60	3.05	1.46	2.08	0.43	2	0.12	0	
16.64	3.35	-1.46	1.76	-0.61	0	-0.06	0	
16.68	2.92	-6.10	1.34	0.00	0	0.42	1	
16.72	2.16	-10.13	1.13	1.95	2	1.33	2	
16.76	1.80	-9.52	0.75	1.83	4	1.13	2	
16.80	1.98	-5.37	0.49	-0.67	0	0.03	0	
16.84	2.11	0.31	-0.17	-5.25	0	-1.83	-3	
16.88	2.46	5.43	-0.93	-8.06	-3	-3.46	-6	
16.92	3.16	9.52	-0.90	-7.45	-5	-4.00	-7	
16.96	3.74	10.68	-0.63	-4.21	-6	-3.58	-6	
17.00	3.85	9.34	-0.28	-0.67	-6	-2.63	-4	
17.04	3.95	6.29	0.22	1.71	-3	-1.61	-3	
17.08	3.85	2.56	0.74	2.56	-2	-0.72	-1	
17.12	3.49	0.00	1.09	2.01	-1	-0.21	0	
17.16	3.45	-2.56	1.57	0.79	0	0.15	0	
17.20	3.12	-4.52	1.14	0.00	0	0.06	0	
17.24	2.41	-6.16	1.11	-0.79	0	0.32	1	
17.28	2.56	-6.47	1.23	-2.08	1	0.14	0	
17.32	2.88	-1.34	1.43	-1.40	0	-0.26	0	
17.36	3.12	3.54	0.93	-1.22	0	-1.12	-2	
17.40	3.11	6.84	0.42	-3.48	-1	-2.18	-4	
17.44	3.67	7.26	-0.18	-5.92	-4	-3.23	-5	
17.48	4.12	7.75	-0.91	-7.39	-4	-4.16	-7	
17.52	4.06	6.04	-0.76	-4.88	-5	-3.41	-6	
17.56	3.54	-1.46	-0.95	-4.15	-4	-2.44	-4	
17.60	2.69	-10.01	-1.05	-4.03	-4	-1.29	-2	
17.64	2.10	-12.70	-0.70	-2.56	-2	-0.32	-1	
17.68	2.22	-7.87	-0.55	0.00	-1	-0.31	-1	
17.72	2.58	-1.22	-0.25	2.32	0	-0.53	-1	
17.76	2.85	1.71	0.24	1.83	0	-0.71	-1	
17.80	2.48	1.10	0.45	0.49	0	-0.63	-1	
17.84	2.05	-0.49	0.62	-0.24	-1	-0.34	-1	
17.88	1.98	-0.37	0.15	-0.67	0	-0.70	-1	
17.92	2.17	0.49	-0.31	-0.92	-1	-1.18	-2	
17.96	2.57	1.34	-0.05	-1.10	-2	-1.28	-2	
18.00	3.09	1.83	-0.17	-1.04	-2	-1.58	-3	
18.04	3.49	1.59	-0.53	-1.28	-1	-1.96	-3	
18.08	3.61	1.34	-1.01	-0.73	-2	-2.18	-4	
18.12	3.59	0.24	-0.58	-0.67	-2	-1.78	-3	
18.16	3.97	-0.49	-0.83	-0.49	-3	-1.96	-3	
18.20	4.16	-1.46	-0.47	-0.55	-3	-1.71	-3	
18.24	3.64	-2.38	-0.29	-0.24	-2	-1.27	-2	
18.28	3.11	-2.69	-0.14	-0.55	-1	-1.01	-2	
18.32	2.57	-2.32	-0.27	-1.34	-2	-1.08	-2	
18.36	2.27	-1.34	-0.74	-1.83	-1	-1.45	-2	
18.40	1.86	-0.61	-1.07	-1.77	-2	-1.58	-3	
18.44	1.87	0.37	-0.67	-1.46	-3	-1.38	-2	
18.48	2.15	1.34	-0.33	-1.46	0	-1.37	-2	
18.52	2.69	2.14	-0.43	-1.89	-2	-1.78	-3	
18.56	2.39	2.56	-0.76	-2.38	-2	-2.01	-3	
18.60	2.39	3.05	-1.31	-2.81	-2	-2.48	-4	
18.64	2.59	3.85	-1.87	-2.69	-11	-2.96	-5	
18.68	2.91	4.94	-2.39	-1.77	-4	-3.33	-6	
18.72	2.79	6.04	-2.11	-0.24	-3	-2.96	-5	
18.76	3.42	7.26	-1.73	1.71	-5	-2.72	-5	
18.80	4.08	8.48	-1.28	2.87	-4	-2.60	-4	
18.84	4.32	9.70	-0.69	3.72	-3	-2.30	-4	
18.88	5.01	10.50	-0.17	3.78	-1	-2.30	-4	
18.92	5.90	10.99	0.10	3.78	-2	-2.50	-4	
18.96	6.69	10.86	0.52	3.23	-4	-2.60	-4	
19.00	7.30	9.95	1.03	2.14	-4	-2.61	-4	
19.04	7.36	9.03	0.75	1.28	-5	-2.86	-5	
19.08	7.27	8.42	0.62	0.37	-7	-3.01	-5	
19.12	7.96	8.24	0.37	0.00	-5	-3.46	-6	
19.16	8.62	8.06	0.07	-0.37	-8	-3.92	-7	
19.20	9.37	7.32	0.13	0.00	-10	-4.01	-7	
19.24	9.19	6.65	0.30	0.31	-9	-3.71	-6	
19.28	9.87	5.80	0.30	0.31	-1	-3.87	-6	
19.32	9.69	4.94	0.10	0.55	-9	-3.80	-6	
19.36	9.43	4.03	0.33	0.98	-3	-3.39	-6	
19.40	9.28	3.23	0.78	1.53	-5	-2.88	-5	
19.44	9.57	2.69	0.42	1.77	-5	-3.10	-5	
19.48	9.53	2.32	0.93	1.95	-4	-2.70	-4	
19.52	9.41	1.77	0.58	2.01	-4	-2.81	-5	
19.56	9.61	1.28	1.07	1.89	-4	-2.55	-4	
19.60	9.33	0.67	0.80	2.01	-4	-2.53	-4	
19.64	8.90	0.37	0.87	2.20	-3	-2.27	-4	
19.68	8.51	0.73	0.79	2.56	-1	-2.15	-4	
19.72	8.35	1.95	0.49	3.17	-5	-2.30	-4	
19.76	8.07	3.72	0.74	3.91	-4	-2.10	-3	
19.80	8.74	5.55	1.01	4.76	-3	-2.20	-4	
19.84	9.47	6.90	1.27	5.13	-4	-2.38	-4	
19.88	10.09	7.57	1.80	5.19	-3	-2.33	-4	
19.92	10.84	7.57	2.10	5.19	-3	-2.41	-4	
19.96	11.52	7.14	2.53	4.94	-3	-2.39	-4	
20.00	11.34	6.59	2.86	4.33	-1	-2.17	-4	
20.04	11.58	6.23	2.58	3.97	-4	-2.46	-4	
20.08	11.86	6.35	3.22	3.66	-4	-2.24	-4	
20.12	12.45	6.29	3.68	3.36	-4	-2.21	-4	
20.16	13.05	5.25	3.99	2.08	-4	-2.36	-4	
20.20	13.62	3.23	3.85	0.55	-4	-2.71	-4	
20.24	14.06	0.00	3.89	-1.22	0	-2.82	-5	
20.28	14.30	-4.88	3.87	-3.42	-4	-2.81	-5	
20.32	14.33	-11.17	3.60	-5.92	-4	-2.78	-5	
20.36	13.90	-17.94	2.75	-8.12	-4	-2.84	-5	
20.40	12.73	-23.68	1.87	-9.03	-5	-2.54	-4	
20.44	11.26	-28.44	1.09	-8.85	-3	-1.97	-3	
20.48	9.59	-32.17	0.44	-7.81	-2	-1.21	-2	
20.52	7.86	-35.03	-0.22	-6.59	-1	-0.48	-1	
20.56	6.03	-37.29	-0.77	-4.33	-1	0.47	1	
20.60	4.00	-39.31	-0.95	-1.53	2	1.79	3	
20.64	1.97	-40.10	-1.03	2.32	2	3.24	5	
20.68	-0.03	-38.51	-0.82	5.98	5	4.57	8	
20.72	-1.82	-33.75	-0.29	9.70	2	5.71	9	
20.76	-3.39	-27.95	0.19	11.35	14	6.26	10	
20.80	-4.63	-20.14	0.69	10.62	10	6.07	10	
20.84	-5.63	-14.40	1.19	9.95	13	6.01	10	
20.88	-5.81	-10.86	1.86	9.95	7	6.12	10	
20.92	-5.86	-10.31	2.48	10.74	16	6.61	11	
20.96	-6.20	-11.17	3.35	10.86	14	7.38	12	
21.00	-6.42	-11.47	4.14	10.07	16	7.83	13	
21.04	-6.99	-12.57	4.96	9.34	10	8.52	14	
21.08	-7.81	-10.74	5.50	7.57	13	8.63	14	
21.12	-8.52	-6.23	5.75	5.92	13	8.28	14	
21.16	-8.99	0.00	5.91	3.36	9	7.43	12	
21.20	-9.20	6.90	5.90	0.73	13	6.32	10	
21.24	-8.91	13.92	5.35	-1.53	13	4.74	8	
21.28	-7.77	20.57	4.85	-3.23	7	3.04	5	
21.32	-6.36	25.70	4.82	-4.88	2	1.69	3	
21.36	-4.96	29.91	4.11	-6.90	1	-0.04	0	
21.40	-3.31	34.18	4.08	-9.40	0	-1.54	-3	
21.44	-1.30	38.82	3.51	-12.45	-2	-3.64	-6	
21.48	0.80	41.56	2.75	-15.20	-2	-5.63	-9	
21.52	2.89	41.56	1.87	-17.88	-13	-7.39	-12	
21.56	4.83	38.27	0.98	-17.27	-13	-8.18	-14	
21.60	6.57	33.08	0.15	-16.17	-16	-8.57	-14	
21.64	8.16	29.24	-0.59	-14.71	-17	-8.94	-15	
21.68	9.65	25.82	-1.12	-13.85	-26	-9.29	-15	
21.72	10.88	20.02	-1.77	-13.24	-16	-9.41	-16	
21.76	11.59	13.92	-2.63	-12.51	-16	-9.43	-16	
21.80	12.32	8.85	-3.33	-12.45	-18	-9.58	-16	
21.84	13.07	7.08	-3.78	-11.66	-15	-9.80	-16	
21.88	12.89	4.52	-4.37	-10.74	-12	-9.67	-16	
21.92	12.70	2.69	-4.33	-8.61	-18	-9.00	-15	
21.96	12.41	1.65	-4.27	-6.10	-18	-8.30	-14	
22.00	12.35	0.79	-3.89	-2.75	-9	-7.36	-12	
22.04	12.10	-0.79	-3.53	-1.34	-13	-6.63	-11	
22.08	11.60	-2.26	-3.34	0.00	-9	-5.95	-10	
22.12	11.11	-3.11	-3.68	0.31	-5	-5.84	-10	
22.16	10.79	-3.97	-4.18	0.00	-8	-6.00	-10	
22.20	10.31	-3.85	-3.89	0.00	-7	-5.66	-9	
22.24	10.36	-3.48	-3.54	-0.73	-9	-5.63	-9	
22.28	10.66	-3.23	-3.73	-1.53	-5	-6.02	-10	
22.32	10.33	-3.05	-3.38	-1.71	-7	-5.74	-10	
22.36	9.82	-2.75	-3.65	-1.83	-8	-5.78	-10	
22.40	9.30	-2.26	-3.86	-1.16	-13	-5.66	-9	
22.44	9.66	-2.01	-4.03	-1.10	-12	-5.91	-10	
22.48	9.97	-2.87	-4.20	-0.61	-7	-5.95	-10	
22.52	10.21	-5.19	-4.26	0.00	-16	-5.71	-9	
22.56	10.29	-9.22	-4.29	0.98	-11	-5.17	-9	
22.60	9.36	-13.24	-4.38	2.08	-6	-4.28	-7	
22.64	8.25	-16.54	-4.23	3.60	-10	-3.17	-5	
22.68	7.13	-18.80	-4.28	5.13	-2	-2.30	-4	
22.72	5.98	-20.20	-4.29	7.20	-4	-1.38	-2	
22.76	4.69	-20.75	-3.89	9.77	-2	-0.16	0	
22.80	3.49	-20.20	-3.14	12.45	0	1.16	2	
22.84	2.47	-19.10	-2.17	14.53	2	2.37	4	
22.88	1.68	-18.13	-1.08	15.81	7	3.45	6	
22.92	0.88	-17.58	0.03	16.36	4	4.47	7	
22.96	0.51	-18.07	1.01	16.36	7	5.25	9	
23.00	0.10	-17.21	2.00	15.01	13	5.68	9	
23.04	-0.21	-15.50	2.20	13.24	7	5.41	9	
23.08	-0.55	-14.71	2.29	11.90	9	5.27	9	
23.12	-1.05	-14.95	2.30	11.17	9	5.35	9	
23.16	-1.34	-16.97	2.53	11.72	3	5.90	10	
23.20	-1.57	-17.46	3.04	13.06	11	6.58	11	
23.24	-2.77	-19.23	3.75	14.89	8	7.96	13	
23.28	-3.64	-20.20	4.89	16.48	16	9.36	16	
23.32	-4.63	-20.94	6.00	15.93	11	10.37	17	
23.36	-5.79	-20.14	6.83	15.20	14	11.08	18	
23.40	-6.66	-18.31	7.85	12.70	10	11.38	19	
23.44	-7.23	-15.32	8.84	9.95	22	11.38	19	
23.48	-8.10	-12.76	9.18	6.77	20	11.07	18	
23.52	-8.60	-9.83	8.99	4.27	14	10.38	17	
23.56	-8.47	-8.18	9.03	3.66	13	10.07	17	
23.60	-8.64	-5.25	9.61	2.81	14	10.03	17	
23.64	-8.89	-3.23	9.23	2.32	21	9.59	16	
23.68	-9.08	-2.01	8.78	1.65	20	9.14	15	
23.72	-8.86	-1.04	9.07	0.49	14	8.93	15	
23.76	-9.11	0.61	9.35	-1.10	20	8.73	14	
23.80	-9.38	3.36	9.40	-4.03	8	8.05	13	
23.84	-9.62	6.84	9.01	-8.12	13	6.80	11	
23.88	-9.20	9.64	8.02	-11.60	8	5.12	9	
23.92	-8.45	12.94	7.05	-13.98	3	3.49	6	
23.96	-7.44	13.85	6.41	-13.18	3	2.79	5	
24.00	-6.37	16.24	5.72	-12.88	4	1.79	3	
24.04	-5.19	17.82	5.13	-13.00	0	0.82	1	
24.08	-4.04	18.98	4.39	-12.94	1	-0.16	0	
24.12	-3.54	19.04	3.49	-12.51	0	-0.82	-1	
24.16	-2.95	20.14	2.58	-11.47	-2	-1.51	-3	
24.20	-1.61	22.77	2.08	-11.35	-2	-2.55	-4	
24.24	-0.23	24.41	1.78	-11.11	-3	-3.35	-6	
24.28	1.06	25.09	1.65	-10.86	-4	-3.91	-6	
24.32	1.82	25.33	1.61	-10.44	-8	-4.16	-7	
24.36	3.25	25.57	1.33	-10.56	-7	-4.88	-8	
24.40	3.83	26.00	0.85	-10.68	-5	-5.45	-9	
24.44	4.89	26.31	0.85	-11.78	-9	-6.06	-10	
24.48	6.18	26.43	0.73	-12.76	-14	-6.77	-11	
24.52	7.62	25.09	0.03	-14.22	-8	-7.85	-13	
24.56	8.94	23.13	-0.84	-15.44	-15	-8.87	-15	
24.60	10.07	20.63	-1.91	-16.66	-15	-9.88	-16	
24.64	11.12	18.55	-3.02	-17.88	-9	-10.95	-18	
24.68	11.37	15.44	-4.19	-19.04	-19	-11.64	-19	
24.72	11.37	12.15	-5.03	-20.20	-19	-12.03	-20	
24.76	11.73	9.58	-6.39	-20.87	-21	-12.85	-21	
24.80	11.80	6.71	-7.65	-19.35	-20	-13.08	-22	
24.84	11.79	4.88	-8.76	-15.63	-22	-12.89	-21	
24.88	12.27	2.93	-9.44	-11.05	-20	-12.46	-21	
24.92	11.84	1.40	-9.67	-5.86	-18	-11.36	-19	
24.96	11.38	-1.22	-9.50	-0.55	-13	-9.87	-16	
25.00	10.72	-5.49	-9.42	4.52	-17	-8.23	-14	
25.04	10.25	-7.26	-8.71	7.02	-17	-6.99	-12	
25.08	10.20	-6.59	-7.87	10.68	-16	-5.87	-10	
25.12	9.98	-4.15	-6.86	13.79	-7	-4.87	-8	
25.16	9.99	-4.82	-5.74	18.19	-10	-3.32	-6	
25.20	9.40	-6.96	-4.68	18.68	-8	-2.14	-4	
25.24	8.91	-9.28	-3.56	17.46	-7	-1.26	-2	
25.28	8.05	-10.68	-3.11	15.26	-3	-0.92	-2	
25.32	7.54	-13.00	-2.98	14.65	-1	-0.54	-1	
25.36	7.49	-12.39	-2.34	13.31	-12	-0.43	-1	
25.40	7.03	-11.96	-1.37	12.94	-22	0.22	0	
25.44	6.13	-10.99	-1.03	9.83	-2	0.09	0	
25.48	5.90	-11.35	-1.09	8.61	1	-0.05	0	
25.52	5.85	-10.80	-1.08	6.53	0	-0.45	-1	
25.56	5.57	-10.44	-0.38	6.71	2	0.07	0	
25.60	4.96	-12.02	0.35	7.32	0	1.01	2	
25.64	4.15	-13.61	1.01	7.39	1	1.89	3	
25.68	3.14	-14.83	1.48	6.84	0	2.56	4	
25.72	2.05	-15.75	1.67	5.62	3	2.94	5	
25.76	1.00	-15.87	1.64	4.39	3	3.09	5	
25.80	0.20	-15.81	1.33	3.23	2	2.97	5	
25.84	-0.83	-14.22	1.43	2.32	2	3.07	5	
25.88	-1.58	-11.84	1.84	1.10	1	3.12	5	
25.92	-1.56	-8.24	1.55	0.49	10	2.45	4	
25.96	-1.43	-5.74	1.27	0.00	1	1.88	3	
26.00	-1.51	-4.03	0.78	-0.37	2	1.37	2	
26.04	-1.25	-3.23	0.53	-0.37	4	1.04	2	
26.08	-0.93	-3.17	0.41	-0.37	-5	0.84	1	
26.12	-0.65	-4.09	0.53	0.55	1	1.08	2	
26.16	-0.41	-5.19	0.66	1.04	0	1.28	2	
26.20	-0.26	-7.14	0.85	1.95	1	1.71	3	
26.24	-0.17	-9.16	1.05	2.56	2	2.12	4	
26.28	-0.88	-12.02	0.79	3.42	1	2.66	4	
26.32	-1.03	-14.47	0.79	4.33	10	3.13	5	
26.36	-1.27	-17.27	1.06	5.68	4	3.91	6	
26.40	-2.51	-20.39	1.51	7.14	2	5.22	9	
26.44	-3.71	-23.56	2.26	8.54	7	6.68	11	
26.48	-5.12	-26.12	2.91	9.34	3	8.00	13	
26.52	-6.60	-27.22	3.53	9.22	7	9.00	15	
26.56	-8.01	-26.73	4.20	8.36	9	9.70	16	
26.60	-9.37	-24.29	4.69	6.41	22	9.89	16	
26.64	-10.54	-20.63	4.63	5.00	15	9.64	16	
26.68	-11.62	-15.69	4.84	4.76	7	9.59	16	
26.72	-12.46	-10.19	4.87	5.92	21	9.55	16	
26.76	-13.12	-5.25	4.99	6.90	20	9.52	16	
26.80	-12.87	-1.28	5.51	7.32	12	9.41	16	
26.84	-12.41	1.83	5.81	6.96	12	9.05	15	
26.88	-12.22	5.43	6.38	5.49	20	8.69	14	
26.92	-11.92	7.93	6.88	3.72	10	8.32	14	
26.96	-11.16	9.64	6.67	1.22	17	7.29	12	
27.00	-11.04	11.78	6.27	0.00	12	6.56	11	
27.04	-10.49	15.14	6.60	-1.95	7	5.87	10	
27.08	-9.58	16.05	6.06	-3.36	6	4.87	8	
27.12	-8.53	15.99	5.68	-5.19	5	3.94	7	
27.16	-7.51	15.50	5.21	-6.35	14	3.13	5	
27.20	-6.46	17.03	4.66	-7.14	3	2.12	4	
27.24	-5.55	17.70	3.93	-7.63	0	1.19	2	
27.28	-4.59	18.01	3.22	-7.51	2	0.40	1	
27.32	-3.62	17.88	2.55	-6.59	1	-0.18	0	
27.36	-2.62	17.46	2.01	-4.76	0	-0.50	-1	
27.40	-1.51	16.42	1.94	-2.62	-1	-0.44	-1	
27.44	-0.56	15.01	2.21	-0.73	0	-0.13	0	
27.48	-0.17	13.18	2.68	0.79	0	0.49	1	
27.52	-0.09	11.23	3.03	1.83	0	1.06	2	
27.56	0.14	8.54	3.55	1.77	3	1.56	3	
27.60	0.17	6.41	3.97	0.67	4	1.84	3	
27.64	0.14	5.68	4.27	-1.95	1	1.64	3	
27.68	0.10	6.71	4.39	-5.25	-2	1.03	2	
27.72	0.00	8.12	3.87	-8.85	3	-0.05	0	
27.76	0.20	9.28	3.00	-11.47	0	-1.25	-2	
27.80	0.52	10.44	2.07	-12.51	-1	-2.24	-4	
27.84	1.10	11.66	1.13	-12.57	0	-3.16	-5	
27.88	1.79	12.57	0.24	-12.02	-5	-3.95	-7	
27.92	1.91	13.06	-0.42	-11.35	-5	-4.33	-7	
27.96	2.45	13.43	-0.39	-10.80	-15	-4.44	-7	
28.00	2.75	14.10	-0.44	-10.68	-11	-4.63	-8	
28.04	3.81	14.95	-0.90	-11.05	-10	-5.44	-9	
28.08	4.83	15.50	-1.59	-11.54	-6	-6.37	-11	
28.12	5.76	15.20	-2.38	-11.54	-10	-7.16	-12	
28.16	6.76	13.85	-2.91	-10.74	-9	-7.56	-13	
28.20	7.68	11.72	-3.30	-9.83	-12	-7.74	-13	
28.24	8.31	9.03	-4.02	-8.73	-15	-7.93	-13	
28.28	8.98	6.16	-4.49	-7.81	-11	-8.00	-13	
28.32	8.67	3.17	-4.91	-6.53	-16	-7.61	-13	
28.36	8.22	0.55	-5.11	-5.07	-10	-7.03	-12	
28.40	7.69	-1.34	-5.23	-3.48	-24	-6.44	-11	
28.44	7.14	-2.08	-5.26	-1.77	-12	-5.88	-10	
28.48	6.61	-1.89	-5.14	-0.24	-9	-5.36	-9	
28.52	6.15	-1.04	-4.89	1.10	-7	-4.89	-8	
28.56	5.99	-0.24	-4.38	2.20	-9	-4.41	-7	
28.60	6.30	0.00	-3.93	3.17	-7	-4.09	-7	
28.64	6.70	0.00	-3.54	4.09	-3	-3.83	-6	
28.68	6.53	-0.31	-3.78	5.00	-4	-3.71	-6	
28.72	6.89	-1.10	-3.34	5.92	-7	-3.33	-6	
28.76	7.25	-2.26	-3.07	6.90	-6	-3.00	-5	
28.80	7.03	-3.91	-2.32	7.57	-5	-2.16	-4	
28.84	6.54	-5.62	-1.64	7.57	-4	-1.39	-2	
28.88	5.80	-7.02	-1.37	7.20	-2	-0.89	-1	
28.92	5.03	-7.75	-1.14	6.65	-1	-0.49	-1	
28.96	4.26	-7.69	-0.88	6.47	0	-0.10	0	
29.00	3.57	-7.02	-0.41	6.47	0	0.37	1	
29.04	3.79	-6.10	-0.17	6.35	0	0.32	1	
29.08	3.70	-5.43	0.51	6.04	0	0.65	1	
29.12	3.52	-5.37	1.18	5.25	0	0.98	2	
29.16	3.42	-5.68	0.92	4.27	1	0.70	1	
29.20	3.50	-6.29	0.74	3.36	0	0.47	1	
29.24	2.80	-7.20	0.65	2.87	0	0.67	1	
29.28	2.10	-8.06	0.49	2.56	0	0.85	1	
29.32	2.15	-8.61	0.36	2.38	0	0.77	1	
29.36	2.21	-9.03	0.28	2.50	0	0.77	1	
29.40	2.14	-10.01	0.09	3.30	0	0.92	2	
29.44	1.84	-11.90	-0.13	5.00	2	1.40	2	
29.48	1.38	-14.47	0.60	7.26	1	2.68	4	
29.52	0.24	-17.33	1.09	9.40	0	4.07	7	
29.56	-0.99	-19.41	1.60	11.11	7	5.34	9	
29.60	-1.95	-21.18	2.52	12.08	7	6.61	11	
29.64	-3.21	-20.57	2.86	12.88	4	7.35	12	
29.68	-4.33	-16.78	3.48	14.10	10	7.95	13	
29.72	-5.12	-12.08	4.44	15.14	8	8.53	14	
29.76	-5.64	-9.03	5.54	15.26	15	9.09	15	
29.80	-5.94	-8.85	6.60	13.79	19	9.57	16	
29.84	-6.51	-7.20	7.45	12.27	13	9.85	16	
29.88	-6.37	-5.43	7.65	11.23	7	9.55	16	
29.92	-6.22	-3.85	7.75	10.44	20	9.25	15	
29.96	-6.05	-4.33	8.15	9.58	20	9.34	16	
30.00	-5.90	-4.82	8.34	8.36	23	9.23	15	
30.04	-6.59	-4.88	8.27	6.96	11	9.19	15	
30.08	-6.42	-4.70	8.37	6.10	16	9.02	15	
30.12	-6.74	-4.46	8.96	5.49	10	9.36	16	
30.16	-7.34	-3.66	9.27	4.03	13	9.42	16	
30.20	-7.90	-2.50	9.43	1.89	15	9.21	15	
30.24	-8.30	0.00	9.62	-0.37	20	8.81	15	
30.28	-7.90	1.89	9.23	-1.89	17	7.96	13	
30.32	-7.33	4.15	8.88	-3.66	9	6.99	12	
30.36	-6.67	5.86	8.49	-5.37	9	6.03	10	
30.40	-6.06	7.26	7.90	-7.08	6	4.99	8	
30.44	-5.48	8.24	7.19	-8.30	8	4.03	7	
30.48	-4.81	8.91	6.51	-9.03	12	3.17	5	
30.52	-3.96	9.40	6.07	-9.34	4	2.50	4	
30.56	-3.99	9.83	5.75	-9.70	2	2.20	4	
30.60	-3.10	9.95	5.40	-10.01	1	1.59	3	
30.64	-2.23	9.77	5.18	-10.56	1	1.07	2	
30.68	-1.89	9.40	4.33	-10.99	1	0.39	1	
30.72	-1.51	8.91	3.48	-11.05	1	-0.23	0	
30.76	-1.50	8.42	3.37	-10.56	0	-0.16	0	
30.80	-1.58	8.06	3.11	-10.07	0	-0.17	0	
30.84	-1.28	8.06	3.22	-9.70	0	-0.14	0	
30.88	-1.36	8.42	2.82	-9.83	0	-0.42	-1	
30.92	-1.42	9.28	2.51	-10.07	0	-0.72	-1	
30.96	-0.60	10.50	1.86	-10.56	-2	-1.63	-3	
31.00	0.30	11.84	1.24	-10.99	-2	-2.54	-4	
31.04	1.18	12.63	1.06	-11.35	-3	-3.12	-5	
31.08	2.09	12.82	0.36	-11.60	-2	-3.93	-7	
31.12	2.95	12.51	-0.38	-11.35	-9	-4.62	-8	
31.16	3.24	12.21	-0.41	-10.99	-3	-4.64	-8	
31.20	3.63	11.84	-1.27	-10.25	-10	-5.14	-9	
31.24	4.25	11.60	-2.09	-9.83	-9	-5.77	-10	
31.28	4.31	11.11	-2.22	-9.64	-12	-5.78	-10	
31.32	4.50	10.38	-2.19	-8.91	-12	-5.62	-9	
31.36	5.31	9.09	-2.55	-7.39	-5	-5.73	-10	
31.40	5.46	7.93	-3.22	-5.92	-9	-5.81	-10	
31.44	5.65	7.08	-3.00	-5.43	-10	-5.56	-9	
31.48	5.58	6.59	-2.91	-5.49	-14	-5.44	-9	
31.52	6.23	6.16	-3.33	-5.25	-5	-5.84	-10	
31.56	6.80	5.37	-3.80	-4.52	-9	-6.12	-10	
31.60	6.92	4.27	-3.48	-3.60	-6	-5.69	-9	
31.64	6.63	2.93	-3.38	-2.69	-12	-5.22	-9	
31.68	6.30	1.83	-3.68	-1.95	-7	-5.04	-8	
31.72	6.75	0.92	-3.52	-1.16	-6	-4.87	-8	
31.76	6.65	0.00	-3.97	0.00	-3	-4.81	-8	
31.80	6.88	-1.10	-4.28	1.40	-7	-4.71	-8	
31.84	7.11	-2.81	-3.83	3.23	-7	-4.01	-7	
31.88	6.55	-5.07	-3.33	5.19	-11	-2.92	-5	
31.92	6.72	-7.51	-3.07	6.96	-4	-2.25	-4	
31.96	5.94	-9.77	-2.49	8.42	0	-1.12	-2	
32.00	5.09	-11.11	-1.90	9.52	-4	-0.12	0	
32.04	4.24	-11.41	-1.27	10.19	0	0.73	1	
32.08	3.40	-10.74	-0.63	10.50	0	1.40	2	
32.12	2.70	-9.64	0.13	10.68	1	2.04	3	
32.16	2.18	-8.79	0.99	10.74	0	2.67	4	
32.20	1.91	-8.36	1.87	10.80	8	3.28	5	
32.24	1.80	-8.24	2.69	10.80	2	3.81	6	
32.28	1.14	-8.12	2.77	10.25	8	3.98	7	
32.32	1.26	-8.00	3.08	9.34	11	3.95	7	
32.36	0.60	-8.18	3.75	8.79	4	4.52	8	
32.40	0.50	-8.42	3.71	8.67	9	4.53	8	
32.44	0.53	-8.91	3.80	8.18	2	4.54	8	
32.48	0.62	-9.22	4.04	7.02	2	4.48	7	
32.52	0.03	-10.50	4.71	6.04	9	5.06	8	
32.56	-0.77	-11.72	4.68	6.23	6	5.49	9	
32.60	-1.69	-12.94	4.76	6.53	6	6.05	10	
32.64	-2.58	-13.12	4.80	6.96	4	6.48	11	
32.68	-3.10	-12.88	4.63	7.20	10	6.58	11	
32.72	-3.63	-12.57	5.39	7.81	9	7.32	12	
32.76	-4.08	-12.27	6.15	8.06	8	7.95	13	
32.80	-4.40	-12.08	6.03	8.12	11	7.99	13	
32.84	-5.35	-11.78	6.35	7.87	8	8.45	14	
32.88	-6.28	-11.17	6.66	7.87	15	8.90	15	
32.92	-6.39	-10.07	6.62	8.00	20	8.83	15	
32.96	-6.33	-8.73	7.08	8.18	12	8.98	15	
33.00	-6.99	-7.39	7.69	8.30	5	9.47	16	
33.04	-7.43	-5.80	8.42	8.06	15	9.87	16	
33.08	-7.15	-4.09	8.60	7.63	11	9.63	16	
33.12	-6.82	-2.81	8.78	7.32	9	9.43	16	
33.16	-6.50	-2.08	9.31	7.08	5	9.53	16	
33.20	-6.12	-2.08	9.55	6.84	18	9.50	16	
33.24	-5.79	-2.87	9.92	6.35	23	9.60	16	
33.28	-6.39	-4.03	10.12	5.62	5	9.93	16	
33.32	-7.03	-4.64	10.38	4.82	17	10.24	17	
33.36	-7.26	-4.27	10.06	4.21	10	9.97	17	
33.40	-7.90	-3.54	10.25	3.97	9	10.20	17	
33.44	-8.51	-2.56	10.22	3.78	20	10.26	17	
33.48	-9.03	-1.28	10.10	3.54	17	10.20	17	
33.52	-8.69	0.43	9.93	3.11	12	9.71	16	
33.56	-8.20	2.08	9.90	3.17	11	9.37	16	
33.60	-7.82	3.36	10.45	3.23	21	9.45	16	
33.64	-7.68	4.52	11.07	3.23	14	9.66	16	
33.68	-7.74	6.10	11.48	2.44	10	9.62	16	
33.72	-7.43	8.42	11.98	1.10	14	9.34	16	
33.76	-6.61	10.80	12.16	-0.79	20	8.57	14	
33.80	-5.70	12.63	11.89	-3.23	21	7.46	12	
33.84	-4.76	13.49	11.47	-5.62	17	6.35	11	
33.88	-3.96	13.79	10.78	-7.81	6	5.21	9	
33.92	-3.46	13.98	9.95	-9.46	14	4.21	7	
33.96	-3.16	14.59	9.20	-10.62	6	3.36	6	
34.00	-2.85	15.81	8.48	-11.35	4	2.56	4	
34.04	-1.74	17.21	8.27	-11.78	4	1.81	3	
34.08	-0.52	18.55	7.83	-12.70	2	0.80	1	
34.12	0.71	19.35	7.17	-13.67	0	-0.30	0	
34.16	1.91	19.59	6.78	-15.08	0	-1.24	-2	
34.20	3.09	19.59	5.89	-16.48	-4	-2.47	-4	
34.24	4.14	18.68	5.52	-18.01	-2	-3.24	-5	
34.28	5.14	15.44	4.44	-20.14	-5	-4.31	-7	
34.32	5.34	12.88	3.26	-21.42	-5	-5.07	-8	
34.36	5.49	10.01	1.98	-22.52	-4	-5.82	-10	
34.40	5.53	9.83	0.80	-21.91	-8	-6.42	-11	
34.44	5.62	8.85	-0.42	-21.00	-13	-6.95	-12	
34.48	5.62	8.54	-1.53	-19.59	-15	-7.34	-12	
34.52	5.57	7.81	-2.00	-18.62	-13	-7.36	-12	
34.56	5.40	7.14	-2.62	-18.01	-8	-7.51	-12	
34.60	5.26	7.32	-3.15	-17.40	-13	-7.69	-13	
34.64	5.38	8.79	-3.44	-16.91	-14	-7.97	-13	
34.68	5.35	11.11	-4.04	-15.20	-10	-8.27	-14	
34.72	6.06	13.12	-5.03	-14.04	-17	-9.13	-15	
34.76	6.86	14.34	-5.97	-13.55	-13	-10.03	-17	
34.80	7.86	14.59	-6.67	-13.31	-11	-10.80	-18	
34.84	8.85	13.49	-7.11	-11.78	-15	-11.03	-18	
34.88	9.74	10.93	-7.43	-8.18	-20	-10.64	-18	
34.92	10.48	6.90	-7.68	-5.19	-14	-10.10	-17	
34.96	10.78	3.54	-7.32	-2.08	-17	-9.08	-15	
35.00	10.54	1.40	-6.99	0.00	-17	-8.19	-14	
35.04	10.17	0.00	-6.68	0.73	-12	-7.60	-13	
35.08	9.77	0.31	-6.50	0.43	-11	-7.43	-12	
35.12	9.37	0.00	-6.69	0.00	-11	-7.45	-12	
35.16	9.84	0.00	-6.64	0.00	-4	-7.59	-13	
35.20	9.99	-0.37	-7.06	0.00	-11	-7.86	-13	
35.24	9.54	-0.92	-6.86	0.67	-8	-7.40	-12	
35.28	9.41	-1.16	-6.35	1.65	-10	-6.84	-11	
35.32	9.55	-2.08	-5.83	3.17	-9	-6.20	-10	
35.36	9.86	-3.17	-5.78	4.39	-6	-5.95	-10	
35.40	9.39	-4.52	-5.92	5.62	-10	-5.50	-9	
35.44	8.74	-5.92	-5.82	7.32	-12	-4.76	-8	
35.48	8.78	-7.51	-5.13	9.34	-4	-3.82	-6	
35.52	8.07	-9.16	-4.37	11.23	-6	-2.59	-4	
35.56	7.23	-10.50	-3.70	12.57	-4	-1.50	-2	
35.60	6.43	-11.23	-2.85	13.67	1	-0.42	-1	
35.64	6.42	-11.84	-2.28	15.01	-1	0.24	0	
35.68	5.72	-12.76	-1.20	16.30	1	1.48	2	
35.72	5.47	-13.98	-0.15	17.33	1	2.52	4	
35.76	4.43	-15.56	0.38	17.76	2	3.46	6	
35.80	3.48	-18.13	1.50	17.52	6	4.71	8	
35.84	2.37	-20.26	1.80	16.66	3	5.36	9	
35.88	1.32	-21.18	2.85	15.93	7	6.34	11	
35.92	0.59	-19.71	3.86	14.10	12	6.74	11	
35.96	0.16	-17.33	3.92	10.86	13	6.10	10	
36.00	-1.02	-18.37	4.26	9.77	19	6.64	11	
36.04	-2.17	-19.41	4.89	9.40	17	7.48	12	
36.08	-2.84	-20.08	4.89	10.44	16	7.97	13	
36.12	-3.27	-18.92	4.99	10.44	14	8.07	13	
36.16	-4.31	-18.74	5.13	11.60	10	8.71	14	
36.20	-4.64	-19.71	5.58	13.55	9	9.56	16	
36.24	-5.23	-19.90	5.78	15.01	10	10.18	17	
36.28	-6.35	-19.84	6.74	16.30	20	11.39	19	
36.32	-7.59	-19.23	7.51	17.46	14	12.45	21	
36.36	-7.98	-18.62	8.44	17.94	21	13.19	22	
36.40	-8.88	-18.13	9.56	17.88	17	14.13	23	
36.44	-9.63	-17.88	10.66	16.91	24	14.88	25	
36.48	-10.02	-17.58	11.00	15.81	24	14.99	25	
36.52	-11.05	-17.15	11.88	14.89	28	15.70	26	
36.56	-12.19	-16.60	12.59	14.40	20	16.39	27	
36.60	-13.17	-15.38	13.36	13.24	21	16.88	28	
36.64	-14.34	-13.31	13.47	11.60	25	16.85	28	
36.68	-14.68	-11.05	13.31	9.64	28	16.29	27	
36.72	-14.87	-9.28	13.17	7.87	25	15.77	26	
36.76	-15.62	-7.93	13.58	6.35	22	15.87	26	
36.80	-16.20	-6.23	14.01	4.70	30	15.87	26	
36.84	-16.07	-3.72	14.25	2.44	22	15.31	25	
36.88	-16.03	-0.79	13.72	0.00	26	14.23	24	
36.92	-16.38	2.32	13.64	-3.11	25	13.42	22	
36.96	-16.22	6.23	13.01	-5.49	23	12.15	20	
37.00	-15.56	10.86	12.40	-7.02	18	10.78	18	
37.04	-14.40	15.81	12.33	-7.87	20	9.66	16	
37.08	-13.06	20.20	12.21	-9.16	21	8.42	14	
37.12	-11.56	23.13	11.98	-11.41	5	7.04	12	
37.16	-10.08	24.29	11.31	-13.92	10	5.52	9	
37.20	-8.59	23.80	10.60	-15.14	6	4.39	7	
37.24	-7.09	22.16	9.99	-15.08	0	3.67	6	
37.28	-5.71	19.90	9.36	-14.16	6	3.19	5	
37.32	-4.42	17.58	8.72	-13.67	12	2.66	4	
37.36	-3.13	15.44	8.51	-13.73	1	2.28	4	
37.40	-1.88	13.61	8.20	-14.59	1	1.68	3	
37.44	-0.97	11.41	7.30	-15.56	1	0.86	1	
37.48	-0.68	9.22	6.47	-16.24	0	0.35	1	
37.52	-0.58	7.57	5.90	-16.36	1	0.12	0	
37.56	-0.33	6.77	5.73	-16.66	0	-0.05	0	
37.60	-0.29	6.90	5.26	-17.70	0	-0.55	-1	
37.64	-0.26	7.93	4.48	-19.10	-1	-1.41	-2	
37.68	-0.21	9.77	3.78	-20.63	-1	-2.31	-4	
37.72	-0.03	12.21	2.69	-22.09	-4	-3.56	-6	
37.76	0.81	13.85	1.42	-23.25	-5	-5.03	-8	
37.80	1.66	15.14	0.85	-24.54	-9	-6.04	-10	
37.84	2.71	15.56	-0.34	-25.76	-9	-7.41	-12	
37.88	3.79	15.56	-1.49	-26.79	-13	-8.69	-14	
37.92	4.73	14.04	-2.84	-27.47	-13	-9.82	-16	
37.96	5.62	11.11	-4.07	-27.22	-17	-10.54	-18	
38.00	6.23	7.14	-5.45	-26.06	-14	-10.99	-18	
38.04	6.59	3.23	-6.83	-25.02	-14	-11.38	-19	
38.08	6.26	0.00	-7.95	-23.74	-16	-11.38	-19	
38.12	5.79	-2.75	-8.67	-22.58	-18	-11.16	-19	
38.16	5.19	-4.70	-9.48	-20.87	-16	-10.94	-18	
38.20	4.52	-6.04	-10.10	-18.92	-14	-10.60	-18	
38.24	3.84	-5.68	-10.68	-17.27	-20	-10.45	-17	
38.28	3.37	-5.07	-10.94	-16.11	-13	-10.30	-17	
38.32	2.70	-4.21	-11.58	-15.56	-26	-10.45	-17	
38.36	2.35	-3.97	-12.61	-15.14	-11	-10.91	-18	
38.40	2.20	-3.60	-12.73	-14.10	-18	-10.78	-18	
38.44	1.99	-3.05	-13.66	-12.27	-21	-11.01	-18	
38.48	2.08	-2.62	-14.38	-9.16	-19	-10.97	-18	
38.52	2.23	-2.99	-14.87	-5.00	-30	-10.54	-17	
38.56	1.79	-3.78	-15.25	0.00	-19	-9.64	-16	
38.60	1.16	-4.33	-15.16	4.58	-11	-8.47	-14	
38.64	0.88	-3.85	-14.37	9.34	-13	-7.08	-12	
38.68	0.72	-2.87	-13.39	13.67	-7	-5.75	-10	
38.72	0.91	-1.83	-12.29	17.46	-12	-4.57	-8	
38.76	1.06	-1.10	-11.04	20.69	-7	-3.35	-6	
38.80	1.49	-0.92	-9.82	23.44	-5	-2.27	-4	
38.84	1.75	-1.16	-8.38	25.94	-3	-1.00	-2	
38.88	1.64	-1.46	-6.84	28.38	0	0.45	1	
38.92	1.66	-1.28	-5.19	30.46	0	1.82	3	
38.96	1.70	-0.67	-3.48	31.74	3	3.02	5	
39.00	1.56	0.00	-1.78	32.29	6	4.15	7	
39.04	1.54	1.46	-0.04	32.47	3	5.11	8	
39.08	2.00	2.26	1.49	32.04	11	5.72	10	
39.12	1.93	1.95	3.08	29.11	7	6.24	10	
39.16	2.42	1.77	4.07	23.86	6	5.75	10	
39.20	2.79	0.67	5.07	19.04	15	5.48	9	
39.24	3.01	0.00	5.47	19.23	14	5.75	10	
39.28	2.74	-1.34	6.71	20.32	13	6.94	12	
39.32	2.43	-2.56	7.10	20.45	10	7.44	12	
39.36	2.19	-3.72	7.40	18.86	10	7.55	13	
39.40	1.54	-4.76	8.32	18.80	17	8.44	14	
39.44	0.92	-4.58	8.91	19.65	18	9.16	15	
39.48	0.68	-3.72	9.24	19.65	15	9.36	16	
39.52	0.51	-2.99	9.59	20.26	24	9.68	16	
39.56	0.39	-2.01	10.88	21.18	11	10.57	18	
39.60	0.53	-1.22	12.11	21.85	15	11.32	19	
39.64	0.68	-0.79	12.64	21.91	16	11.56	19	
39.68	0.72	-1.28	13.84	21.30	14	12.22	20	
39.72	0.80	-2.93	14.86	20.02	22	12.76	21	
39.76	0.01	-4.64	15.71	18.19	16	13.42	22	
39.80	-0.77	-5.49	16.52	16.36	17	13.95	23	
39.84	-1.52	-4.76	17.04	14.47	25	14.12	23	
39.88	-2.16	-3.42	17.37	12.57	29	14.08	23	
39.92	-2.04	-1.89	17.44	10.86	24	13.61	23	
39.96	-1.75	-0.61	18.07	9.16	25	13.45	22	
40.00	-1.28	0.92	18.35	7.20	20	12.95	21	
40.04	-1.43	2.81	18.90	5.13	18	12.77	21	
40.08	-0.89	4.21	18.74	3.11	16	11.98	20	
40.12	-0.27	5.07	18.60	1.22	15	11.24	19	
40.16	0.22	5.00	18.21	-1.59	21	10.33	17	
40.20	0.82	4.52	18.09	-4.03	22	9.65	16	
40.24	0.69	3.60	17.48	-5.86	10	9.09	15	
40.28	0.44	2.99	16.92	-6.59	12	8.77	15	
40.32	0.18	2.99	16.34	-7.39	19	8.36	14	
40.36	-0.17	3.42	16.01	-8.54	17	8.03	13	
40.40	0.17	4.09	16.01	-9.77	19	7.62	13	
40.44	0.54	4.82	15.17	-11.29	8	6.62	11	
40.48	1.15	5.13	14.69	-13.12	7	5.74	10	
40.52	1.24	4.94	14.52	-14.89	4	5.31	9	
40.56	1.79	4.39	13.57	-16.36	2	4.32	7	
40.60	1.88	4.03	13.27	-18.19	3	3.82	6	
40.64	1.71	3.97	12.22	-20.51	3	2.82	5	
40.68	1.62	4.39	10.97	-22.95	15	1.60	3	
40.72	1.54	5.25	10.29	-25.21	3	0.71	1	
40.76	2.11	5.86	8.90	-26.92	0	-0.71	-1	
40.80	2.64	5.86	7.43	-28.32	0	-2.06	-3	
40.84	2.85	4.76	5.81	-29.11	-1	-3.15	-5	
40.88	2.76	4.46	4.27	-28.87	16	-4.00	-7	
40.92	2.85	4.76	2.68	-28.38	-8	-4.95	-8	
40.96	3.51	5.74	1.72	-27.22	-8	-5.67	-9	
41.00	3.93	5.55	1.06	-26.79	-10	-6.13	-10	
41.04	4.56	4.64	0.06	-26.12	-11	-6.76	-11	
41.08	5.08	3.23	-1.11	-23.44	-13	-7.04	-12	
41.12	4.93	0.49	-2.40	-21.97	-12	-7.23	-12	
41.16	4.60	-1.04	-2.86	-20.51	-13	-6.97	-12	
41.20	4.75	-2.32	-3.30	-21.55	-12	-7.34	-12	
41.24	4.25	-2.14	-4.21	-22.16	-7	-7.86	-13	
41.28	4.01	-2.81	-5.51	-22.52	-12	-8.57	-14	
41.32	3.70	-3.17	-6.00	-22.46	-14	-8.71	-14	
41.36	3.51	-3.23	-6.43	-22.09	-18	-8.84	-15	
41.40	3.21	-3.11	-6.95	-23.13	-17	-9.25	-15	
41.44	2.83	-2.62	-7.60	-25.45	-19	-9.98	-17	
41.48	2.50	-1.59	-8.32	-28.20	-22	-10.91	-18	
41.52	2.52	-1.10	-9.95	-30.40	-18	-12.37	-21	
41.56	2.48	-1.53	-11.57	-31.07	-19	-13.43	-22	
41.60	2.35	-3.72	-13.08	-29.91	-20	-13.87	-23	
41.64	1.81	-7.32	-14.58	-27.16	-27	-13.74	-23	
41.68	0.95	-11.11	-15.90	-22.95	-25	-13.10	-22	
41.72	0.05	-14.16	-17.01	-17.70	-25	-12.20	-20	
41.76	-1.21	-15.87	-17.72	-12.76	-22	-11.13	-18	
41.80	-2.11	-17.33	-18.46	-8.48	-12	-10.34	-17	
41.84	-2.66	-18.98	-18.84	-3.78	-16	-9.36	-16	
41.88	-3.96	-20.87	-18.55	1.28	-17	-7.61	-13	
41.92	-5.05	-22.09	-17.94	5.49	-11	-5.97	-10	
41.96	-5.88	-22.40	-17.18	8.48	-11	-4.64	-8	
42.00	-6.95	-22.22	-16.33	10.62	-9	-3.37	-6	
42.04	-8.13	-21.85	-15.44	12.33	-6	-2.13	-4	
42.08	-9.44	-20.75	-14.63	13.79	-4	-1.02	-2	
42.12	-10.32	-19.04	-13.51	15.08	1	0.03	0	
42.16	-10.91	-17.46	-12.37	16.60	0	1.05	2	
42.20	-11.81	-16.05	-11.13	17.76	0	2.20	4	
42.24	-12.41	-15.08	-9.82	18.62	4	3.27	5	
42.28	-12.63	-14.59	-8.88	19.65	2	4.06	7	
42.32	-12.87	-15.20	-7.92	20.81	2	5.01	8	
42.36	-13.90	-16.17	-6.60	21.42	9	6.40	11	
42.40	-14.75	-16.17	-5.16	21.55	9	7.61	13	
42.44	-15.78	-15.20	-4.02	20.32	10	8.36	14	
42.48	-15.89	-12.76	-3.06	18.31	9	8.38	14	
42.52	-15.93	-11.47	-2.45	15.87	5	8.19	14	
42.56	-16.00	-12.45	-1.75	15.26	8	8.64	14	
42.60	-16.94	-15.08	-1.33	14.65	18	9.40	16	
42.64	-17.68	-16.66	-0.09	14.28	7	10.52	17	
42.68	-18.43	-17.03	0.18	13.98	23	10.94	18	
42.72	-19.50	-16.60	0.84	14.59	20	11.79	20	
42.76	-20.52	-15.63	1.52	15.08	25	12.56	21	
42.80	-20.92	-12.94	1.87	15.01	17	12.62	21	
42.84	-20.90	-10.50	2.58	15.32	16	12.86	21	
42.88	-20.84	-9.22	3.56	15.93	33	13.42	22	
42.92	-21.59	-8.67	4.25	16.36	31	14.13	23	
42.96	-22.28	-7.57	5.11	16.66	22	14.84	25	
43.00	-22.87	-4.82	5.93	16.42	21	15.23	25	
43.04	-23.04	-0.73	6.97	15.63	25	15.36	25	
43.08	-22.73	3.78	6.98	14.22	20	14.54	24	
43.12	-22.02	8.24	7.36	13.00	30	13.84	23	
43.16	-21.19	11.41	7.62	11.41	20	13.09	22	
43.20	-20.25	13.67	7.83	9.95	25	12.39	21	
43.24	-19.34	14.89	8.43	8.06	23	11.96	20	
43.28	-18.30	15.99	8.75	6.10	18	11.33	19	
43.32	-17.42	16.78	8.43	4.27	22	10.41	17	
43.36	-16.44	17.40	8.11	2.69	24	9.51	16	
43.40	-15.46	17.27	7.76	1.71	10	8.79	15	
43.44	-14.41	16.36	7.67	1.28	8	8.38	14	
43.48	-13.59	14.59	7.25	1.10	8	7.98	13	
43.52	-13.18	12.57	6.70	0.85	17	7.66	13	
43.56	-13.10	11.05	6.30	0.98	10	7.56	13	
43.60	-13.15	10.50	6.27	0.73	9	7.58	13	
43.64	-13.11	11.54	6.05	1.65	10	7.48	12	
43.68	-13.02	13.24	6.20	2.75	16	7.57	13	
43.72	-12.15	14.89	6.68	4.21	6	7.65	13	
43.76	-11.11	15.44	6.89	4.76	7	7.44	12	
43.80	-10.17	15.01	7.30	4.52	18	7.37	12	
43.84	-9.43	14.22	7.84	3.97	4	7.42	12	
43.88	-8.91	13.12	8.38	2.99	15	7.50	12	
43.92	-8.87	12.45	8.23	1.40	14	7.18	12	
43.96	-8.71	11.84	7.82	0.00	11	6.68	11	
44.00	-8.67	12.33	7.86	-0.98	14	6.47	11	
44.04	-8.37	12.94	7.32	-1.59	4	5.86	10	
44.08	-7.51	13.55	7.47	-2.62	13	5.39	9	
44.12	-6.57	13.00	7.22	-3.97	5	4.72	8	
44.16	-5.67	11.41	6.95	-5.31	9	4.16	7	
44.20	-5.39	9.28	6.25	-6.29	3	3.68	6	
44.24	-5.51	8.18	5.97	-6.29	4	3.66	6	
44.28	-5.58	8.79	5.57	-6.04	6	3.42	6	
44.32	-5.45	10.68	5.01	-5.07	8	3.00	5	
44.36	-5.13	12.57	4.40	-3.72	3	2.56	4	
44.40	-4.48	13.92	4.73	-2.26	3	2.66	4	
44.44	-3.71	14.83	5.07	-1.40	2	2.65	4	
44.48	-2.95	15.44	5.41	-1.34	0	2.54	4	
44.52	-1.90	15.69	5.23	-1.59	3	1.98	3	
44.56	-1.14	15.50	5.58	-1.89	4	1.89	3	
44.60	-0.34	14.65	5.84	-3.54	7	1.56	3	
44.64	0.59	12.82	5.77	-6.16	0	0.91	2	
44.68	1.01	10.50	4.96	-8.73	0	0.04	0	
44.72	1.14	8.18	4.19	-8.61	0	-0.22	0	
44.76	0.96	7.26	3.91	-6.84	0	0.08	0	
44.80	0.82	7.87	3.66	-5.07	0	0.24	0	
44.84	1.22	9.52	3.03	-4.21	0	-0.31	-1	
44.88	1.69	10.19	2.44	-3.30	-1	-0.74	-1	
44.92	2.27	9.83	2.78	-1.77	0	-0.43	-1	
44.96	2.22	9.34	2.96	-0.73	0	-0.07	0	
45.00	2.16	10.13	3.03	-0.37	0	-0.02	0	
45.04	2.28	12.02	3.28	-0.85	0	-0.19	0	
45.08	2.62	14.65	3.56	-2.32	0	-0.67	-1	
45.12	3.72	17.09	3.60	-4.58	-1	-1.70	-3	
45.16	4.93	18.55	3.29	-7.39	-3	-2.97	-5	
45.20	6.03	18.62	2.64	-9.52	-6	-4.16	-7	
45.24	6.67	17.27	1.81	-9.64	-5	-4.78	-8	
45.28	7.44	16.36	1.02	-9.16	-9	-5.36	-9	
45.32	8.48	14.95	0.76	-6.71	-7	-5.30	-9	
45.36	9.29	13.31	0.26	-4.52	-11	-5.33	-9	
45.40	9.33	11.35	0.04	-1.77	-7	-4.79	-8	
45.44	9.36	10.38	0.32	-0.37	-7	-4.27	-7	
45.48	9.44	10.50	0.67	-0.24	-7	-4.07	-7	
45.52	9.55	11.11	1.03	-1.04	-6	-4.10	-7	
45.56	9.67	12.02	1.35	-2.38	-7	-4.28	-7	
45.60	10.52	12.76	1.59	-3.54	-3	-4.72	-8	
45.64	11.40	12.51	1.71	-4.27	-7	-5.07	-8	
45.68	12.21	11.17	1.82	-5.00	-6	-5.27	-9	
45.72	12.62	9.34	1.11	-5.49	-8	-5.76	-10	
45.76	12.64	7.75	0.47	-5.49	-10	-5.99	-10	
45.80	12.61	6.84	-0.17	-5.00	-13	-6.19	-10	
45.84	13.30	6.10	-0.34	-4.33	-13	-6.35	-11	
45.88	13.65	4.94	-0.15	-4.27	-10	-6.22	-10	
45.92	14.07	2.69	-0.72	-4.46	-12	-6.52	-11	
45.96	14.33	0.00	-1.32	-4.52	-7	-6.72	-11	
46.00	13.92	-2.81	-1.84	-3.60	-10	-6.43	-11	
46.04	13.31	-5.19	-2.17	-2.01	-8	-5.89	-10	
46.08	12.63	-7.20	-1.94	0.00	-7	-4.94	-8	
46.12	11.90	-8.73	-1.61	1.53	-9	-4.04	-7	
46.16	11.72	-10.13	-1.07	2.44	-7	-3.34	-6	
46.20	10.91	-11.60	-0.62	3.05	-7	-2.51	-4	
46.24	9.94	-13.18	-0.41	3.60	-4	-1.77	-3	
46.28	9.08	-14.59	0.12	3.97	-3	-0.93	-2	
46.32	8.02	-15.32	0.36	3.78	-3	-0.36	-1	
46.36	6.95	-15.14	0.57	3.30	2	0.04	0	
46.40	6.11	-14.34	1.09	2.69	0	0.47	1	
46.44	5.28	-13.37	0.84	2.32	0	0.44	1	
46.48	5.13	-12.39	1.23	2.01	0	0.58	1	
46.52	5.10	-11.96	1.32	1.77	0	0.56	1	
46.56	5.03	-12.82	1.28	1.65	1	0.62	1	
46.60	4.85	-15.20	1.20	1.89	0	0.93	2	
46.64	4.04	-18.13	0.85	2.69	1	1.45	2	
46.68	3.61	-20.63	0.77	3.97	1	2.04	3	
46.72	2.45	-22.58	1.34	5.07	1	3.20	5	
46.76	1.16	-24.17	1.86	5.49	4	4.23	7	
46.80	-0.19	-23.50	2.17	4.82	9	4.71	8	
46.84	-1.35	-21.18	2.65	3.23	5	4.89	8	
46.88	-2.45	-17.15	2.82	0.98	15	4.56	8	
46.92	-3.42	-13.67	2.67	-0.61	8	4.16	7	
46.96	-3.37	-10.38	2.65	-1.71	3	3.59	6	
47.00	-3.36	-8.30	2.27	-1.77	10	3.14	5	
47.04	-3.25	-7.63	2.02	-1.77	5	2.87	5	
47.08	-3.28	-8.24	1.65	-1.10	11	2.84	5	
47.12	-3.46	-9.28	1.27	0.31	3	3.03	5	
47.16	-3.96	-10.07	0.95	2.26	4	3.44	6	
47.20	-4.79	-9.95	1.28	4.33	4	4.30	7	
47.24	-5.52	-8.67	1.76	5.80	5	4.99	8	
47.28	-6.13	-6.16	2.30	6.71	3	5.44	9	
47.32	-6.32	-2.93	3.03	6.96	11	5.66	9	
47.36	-6.42	0.49	3.73	6.47	8	5.69	9	
47.40	-6.48	3.97	4.35	5.37	13	5.53	9	
47.44	-6.32	7.69	4.10	4.21	13	4.73	8	
47.48	-5.45	11.72	4.01	3.23	12	3.78	6	
47.52	-4.38	15.20	4.14	2.81	2	3.03	5	
47.56	-3.32	17.64	4.55	2.01	2	2.52	4	
47.60	-2.13	18.62	4.75	0.31	1	1.80	3	
47.64	-0.90	18.98	4.64	-1.89	3	0.87	1	
47.68	0.23	18.80	4.20	-4.09	0	-0.18	0	
47.72	1.27	18.74	3.65	-5.00	0	-1.05	-2	
47.76	2.46	18.37	3.53	-5.43	-2	-1.58	-3	
47.80	3.03	18.19	3.72	-5.92	-1	-1.73	-3	
47.84	3.96	17.58	3.03	-7.51	-2	-2.71	-5	
47.88	4.84	15.32	2.33	-8.85	-7	-3.47	-6	
47.92	5.66	14.04	1.64	-8.54	-7	-3.99	-7	
47.96	6.47	11.72	1.13	-6.53	-2	-3.99	-7	
48.00	7.30	9.83	0.99	-4.21	-4	-3.76	-6	
48.04	7.90	5.37	1.15	-2.56	-5	-3.12	-5	
48.08	8.09	0.85	1.55	-1.65	-5	-2.30	-4	
48.12	7.52	-3.78	1.75	-0.92	-3	-1.37	-2	
48.16	6.78	-8.54	1.94	-0.92	-1	-0.49	-1	
48.20	5.89	-11.78	1.74	-0.49	0	0.11	0	
48.24	4.96	-14.34	1.46	0.00	0	0.62	1	
48.28	3.99	-15.81	1.21	1.40	0	1.22	2	
48.32	2.90	-17.64	1.51	2.69	0	2.21	4	
48.36	1.85	-19.17	2.00	3.72	3	3.23	5	
48.40	0.66	-19.90	2.31	4.15	5	4.00	7	
48.44	-0.53	-19.71	2.64	4.03	3	4.58	8	
48.48	-1.66	-18.07	2.90	4.03	12	4.98	8	
48.52	-2.66	-14.22	3.13	3.54	12	4.99	8	
48.56	-3.48	-10.25	3.08	3.11	3	4.75	8	
48.60	-4.20	-6.53	3.16	2.99	9	4.66	8	
48.64	-4.75	-2.81	3.41	2.93	8	4.61	8	
48.68	-4.45	1.53	3.91	3.05	7	4.38	7	
48.72	-3.78	6.23	4.13	2.56	4	3.70	6	
48.76	-3.05	9.52	4.44	1.95	9	3.18	5	
48.80	-2.16	12.02	4.59	0.73	9	2.48	4	
48.84	-1.17	13.92	4.49	-0.85	5	1.58	3	
48.88	-0.12	15.38	4.36	-2.56	7	0.68	1	
48.92	0.96	16.66	4.09	-4.21	1	-0.31	-1	
48.96	2.07	17.58	3.74	-5.74	-1	-1.29	-2	
49.00	2.97	17.88	3.06	-6.59	-1	-2.20	-4	
49.04	3.86	16.85	2.41	-6.90	-1	-2.87	-5	
49.08	4.78	13.06	1.98	-6.53	-6	-3.01	-5	
49.12	5.57	8.85	1.68	-5.25	-4	-2.80	-5	
49.16	6.12	3.91	1.31	-3.85	-6	-2.46	-4	
49.20	6.43	0.55	0.87	-1.71	-1	-2.11	-4	
49.24	6.73	-3.54	0.69	-0.24	-3	-1.64	-3	
49.28	6.62	-8.36	1.12	1.40	-5	-0.55	-1	
49.32	5.80	-13.43	1.50	2.01	0	0.62	1	
49.36	4.71	-17.70	1.74	1.77	0	1.55	3	
49.40	3.49	-20.02	1.89	0.92	3	2.16	4	
49.44	2.22	-20.87	1.97	0.00	2	2.59	4	
49.48	0.96	-20.57	2.03	-1.04	3	2.85	5	
49.52	-0.20	-17.76	2.00	-2.38	10	2.72	5	
49.56	-1.17	-12.70	1.87	-3.05	14	2.34	4	
49.60	-1.77	-3.85	1.67	-2.87	4	1.54	3	
49.64	-2.08	3.85	1.55	-2.32	1	0.88	1	
49.68	-2.16	9.40	1.51	-1.95	-1	0.38	1	
49.72	-2.13	12.57	1.42	-2.01	0	-0.04	0	
49.76	-1.07	15.44	1.25	-1.83	0	-0.78	-1	
49.80	0.09	18.13	1.04	-1.46	0	-1.53	-3	
49.84	1.28	18.74	0.94	-1.16	-3	-2.03	-3	
49.88	2.45	18.19	0.93	-0.67	-4	-2.31	-4	
49.92	3.56	16.48	0.90	0.00	-4	-2.42	-4	
49.96	4.50	12.08	0.94	0.73	-4	-2.14	-4	
50.00	5.10	3.78	0.88	0.85	-5	-1.51	-3	
50.04	5.38	-4.33	1.03	1.71	-2	-0.52	-1	
50.08	5.20	-10.99	1.47	1.71	0	0.50	1	
50.12	4.25	-14.40	1.79	2.20	0	1.48	2	
50.16	3.09	-17.82	1.85	1.53	2	2.16	4	
50.20	1.81	-20.69	1.93	1.34	5	2.93	5	
50.24	0.46	-22.28	1.95	1.22	4	3.57	6	
50.28	-0.85	-21.30	1.92	1.46	7	3.96	7	
50.32	-1.97	-16.66	1.94	1.40	3	3.87	6	
50.36	-2.77	-9.03	2.00	2.01	2	3.51	6	
50.40	-3.18	0.31	2.25	2.08	7	2.86	5	
50.44	-3.16	9.52	2.63	2.20	2	2.15	4	
50.48	-2.10	17.09	2.92	1.28	0	1.00	2	
50.52	-0.78	21.97	2.94	0.31	1	-0.14	0	
50.56	0.60	24.41	2.79	0.00	0	-1.03	-2	
50.60	1.93	23.25	2.59	-0.85	-1	-1.65	-3	
50.64	3.05	17.82	2.46	-1.95	-5	-1.77	-3	
50.68	3.78	7.75	2.29	-2.62	-3	-1.21	-2	
50.72	4.17	-1.46	2.21	-1.40	-2	-0.22	0	
50.76	4.18	-10.31	2.36	-0.43	0	0.96	2	
50.80	3.70	-16.17	2.78	0.00	2	2.08	3	
50.84	2.40	-21.24	2.71	-1.10	3	2.82	5	
50.88	1.06	-22.40	2.64	-1.59	8	3.28	5	
50.92	-0.21	-20.94	2.47	-2.26	4	3.36	6	
50.96	-1.29	-16.72	2.31	-2.56	2	3.15	5	
51.00	-2.07	-9.09	2.29	-2.01	5	2.72	5	
51.04	-2.48	0.00	2.32	-1.83	4	1.98	3	
51.08	-2.61	7.63	2.28	-1.95	3	1.19	2	
51.12	-2.41	13.43	1.91	-2.69	1	0.16	0	
51.16	-1.27	17.40	1.68	-3.23	0	-0.90	-1	
51.20	-0.01	20.75	1.42	-3.36	0	-1.88	-3	
51.24	1.30	21.85	1.20	-3.17	-3	-2.56	-4	
51.28	2.54	20.20	1.02	-2.44	-3	-2.81	-5	
51.32	3.55	14.59	0.95	-1.04	-5	-2.38	-4	
51.36	4.13	3.60	0.93	0.00	-4	-1.27	-2	
51.40	4.31	-6.65	0.99	1.59	-2	0.05	0	
51.44	4.09	-15.99	1.26	2.69	0	1.46	2	
51.48	2.85	-21.61	1.14	3.91	1	2.63	4	
51.52	1.34	-26.67	1.35	4.46	4	3.92	7	
51.56	-0.15	-27.10	1.72	4.33	8	4.70	8	
51.60	-1.48	-22.77	1.99	4.03	11	4.84	8	
51.64	-2.37	-12.02	2.20	3.11	11	4.00	7	
51.68	-2.79	0.00	2.44	2.75	7	2.99	5	
51.72	-2.78	10.86	2.64	2.38	2	1.91	3	
51.76	-1.92	17.15	3.16	1.89	4	1.19	2	
51.80	-0.69	20.20	3.28	0.85	-2	0.32	1	
51.84	0.59	21.73	3.20	0.00	0	-0.49	-1	
51.88	1.81	20.81	3.07	-0.98	0	-1.09	-2	
51.92	2.89	17.64	2.99	-1.10	-2	-1.21	-2	
51.96	3.63	9.34	2.89	-1.22	0	-0.70	-1	
52.00	3.97	-1.16	2.83	-1.04	-1	0.27	0	
52.04	3.95	-10.50	2.80	-0.61	0	1.30	2	
52.08	3.62	-17.40	2.55	-0.31	1	2.03	3	
52.12	2.30	-21.48	2.58	0.00	3	3.00	5	
52.16	0.88	-24.78	2.59	0.24	7	3.90	6	
52.20	-0.49	-23.99	2.71	0.61	11	4.44	7	
52.24	-1.71	-20.87	2.87	0.67	4	4.66	8	
52.28	-2.57	-12.57	3.07	0.31	9	4.17	7	
52.32	-3.00	-1.65	3.29	0.00	9	3.26	5	
52.36	-3.03	8.36	3.47	-1.46	12	2.08	3	
52.40	-2.85	15.14	3.44	-3.23	0	0.98	2	
52.44	-1.63	19.41	3.13	-4.58	3	-0.33	-1	
52.48	-0.32	22.22	2.78	-5.37	0	-1.44	-2	
52.52	0.99	22.77	2.38	-5.37	-1	-2.21	-4	
52.56	2.21	20.26	2.10	-5.00	-3	-2.49	-4	
52.60	3.17	14.04	1.81	-3.72	-3	-2.13	-4	
52.64	3.74	3.91	1.65	-2.50	-4	-1.16	-2	
52.68	3.90	-6.59	1.65	-0.92	-2	0.15	0	
52.72	3.74	-14.83	1.70	0.00	0	1.25	2	
52.76	2.57	-21.06	1.42	1.16	1	2.35	4	
52.80	1.08	-25.88	1.53	1.95	15	3.60	6	
52.84	-0.49	-28.20	1.75	3.11	6	4.73	8	
52.88	-1.95	-26.12	2.02	2.69	7	5.13	9	
52.92	-3.07	-17.82	2.29	2.38	9	4.77	8	
52.96	-3.77	-6.84	2.47	1.28	4	3.80	6	
53.00	-4.02	4.64	2.59	0.67	9	2.66	4	
53.04	-3.91	13.79	2.69	-0.49	1	1.53	3	
53.08	-2.76	21.79	2.95	-1.65	4	0.24	0	
53.12	-1.26	26.92	2.78	-2.56	0	-1.09	-2	
53.16	0.31	28.75	2.56	-3.17	0	-2.08	-3	
53.20	1.81	27.04	2.34	-3.23	-3	-2.58	-4	
53.24	2.99	18.98	2.18	-3.11	-3	-2.25	-4	
53.28	3.68	5.86	2.06	-2.87	-3	-1.16	-2	
53.32	3.86	-7.08	1.97	-2.08	-1	0.20	0	
53.36	3.66	-16.60	1.78	-1.34	0	1.28	2	
53.40	2.43	-24.35	2.12	-0.49	2	2.88	5	
53.44	0.81	-30.09	2.17	-0.67	1	4.05	7	
53.48	-0.88	-31.74	2.17	-0.85	3	4.79	8	
53.52	-2.36	-26.43	2.14	-1.65	13	4.60	8	
53.56	-3.40	-15.32	2.14	-1.65	8	3.81	6	
53.60	-3.91	-1.95	2.11	-0.98	6	2.72	5	
53.64	-3.92	10.68	2.06	-0.55	7	1.45	2	
53.68	-3.60	19.10	2.13	-0.43	0	0.54	1	
53.72	-2.19	24.41	2.13	-1.10	1	-0.64	-1	
53.76	-0.69	26.73	1.98	-1.22	0	-1.53	-3	
53.80	0.76	25.70	1.87	-1.16	-2	-1.99	-3	
53.84	2.06	22.22	1.72	-0.85	-2	-2.13	-4	
53.88	3.01	13.06	1.65	-0.55	-3	-1.51	-3	
53.92	3.53	2.32	1.64	0.00	-3	-0.49	-1	
53.96	3.66	-7.69	1.73	0.00	0	0.56	1	
54.00	3.50	-14.65	1.89	0.43	0	1.52	3	
54.04	2.54	-21.36	2.34	0.00	8	2.75	5	
54.08	1.00	-27.28	2.27	-1.04	2	3.68	6	
54.12	-0.60	-29.60	2.18	-1.77	3	4.31	7	
54.16	-2.08	-26.61	2.09	-2.75	12	4.29	7	
54.20	-3.14	-16.42	2.08	-2.81	4	3.59	6	
54.24	-3.72	-4.03	2.08	-2.75	5	2.53	4	
54.28	-3.82	7.93	2.00	-2.14	3	1.38	2	
54.32	-3.55	17.58	1.90	-1.65	1	0.31	1	
54.36	-2.26	24.78	1.49	-1.53	0	-1.12	-2	
54.40	-0.63	29.79	1.33	-1.16	-1	-2.25	-4	
54.44	0.96	30.09	1.04	-0.92	-3	-2.98	-5	
54.48	2.47	27.10	0.97	-0.37	-3	-3.16	-5	
54.52	3.64	18.37	1.00	0.37	-3	-2.51	-4	
54.56	4.32	6.47	1.19	1.16	-2	-1.27	-2	
54.60	4.54	-4.70	1.39	1.04	-1	-0.09	0	
54.64	4.40	-13.79	1.55	0.00	0	0.82	1	
54.68	3.51	-21.67	1.96	-1.34	0	1.96	3	
54.72	1.93	-28.26	1.89	-2.56	2	2.95	5	
54.76	0.24	-31.13	1.72	-3.36	4	3.59	6	
54.80	-1.39	-30.09	1.59	-4.09	1	3.86	6	
54.84	-2.73	-23.07	1.47	-3.78	5	3.59	6	
54.88	-3.66	-12.88	1.46	-3.30	12	2.94	5	
54.92	-4.11	-0.55	1.50	-0.85	7	2.29	4	
54.96	-4.21	8.85	1.46	-0.85	2	1.32	2	
55.00	-3.90	18.92	1.40	1.59	1	0.57	1	
55.04	-2.73	26.61	0.96	1.46	0	-0.94	-2	
55.08	-1.00	32.23	1.04	3.23	-1	-1.76	-3	
55.12	0.74	33.14	1.21	2.87	-2	-2.44	-4	
55.16	2.39	30.64	1.32	3.05	-6	-2.66	-4	
55.20	3.72	22.77	1.50	3.54	-3	-2.13	-4	
55.24	4.57	10.74	1.76	3.85	-3	-0.96	-2	
55.28	4.94	-1.34	2.07	3.85	-1	0.35	1	
55.32	4.91	-11.41	2.33	2.56	0	1.33	2	
55.36	4.49	-20.63	2.57	0.00	2	2.12	4	
55.40	3.27	-28.99	2.90	-2.44	2	3.19	5	
55.44	1.44	-36.01	2.69	-4.33	5	4.10	7	
55.48	-0.48	-38.33	2.50	-5.49	13	4.70	8	
55.52	-2.31	-36.32	2.33	-6.90	5	4.78	8	
55.56	-3.80	-27.47	2.16	-8.48	7	4.00	7	
55.60	-4.75	-13.55	1.88	-8.48	8	2.73	5	
55.64	-5.04	3.42	1.49	-6.35	2	1.21	2	
55.68	-4.71	19.04	1.13	-2.26	6	-0.01	0	
55.72	-3.30	31.13	0.67	1.59	0	-1.36	-2	
55.76	-1.35	37.90	0.72	4.88	-1	-2.13	-4	
55.80	0.64	39.43	0.84	7.57	-1	-2.44	-4	
55.84	2.54	37.23	1.31	10.74	-2	-2.03	-3	
55.88	4.12	30.46	1.98	11.29	-2	-1.38	-2	
55.92	5.33	20.75	2.54	9.40	-2	-0.80	-1	
55.96	6.09	10.07	3.05	7.14	-6	-0.05	0	
56.00	6.47	1.83	3.59	5.19	0	0.65	1	
56.04	6.68	-3.11	4.07	4.52	0	1.26	2	
56.08	6.56	-7.81	4.58	2.62	0	1.77	3	
56.12	6.39	-14.53	4.85	0.43	0	2.30	4	
56.16	5.34	-20.69	5.07	-1.46	10	3.11	5	
56.20	3.97	-26.37	5.01	-4.27	5	3.64	6	
56.24	2.46	-29.36	4.83	-6.53	2	3.97	7	
56.28	0.77	-33.08	4.52	-9.40	9	4.25	7	
56.32	-1.01	-34.97	3.96	-12.15	12	4.24	7	
56.36	-2.74	-32.84	3.32	-13.49	5	4.00	7	
56.40	-4.17	-25.02	2.61	-12.70	5	3.40	6	
56.44	-5.18	-13.79	1.96	-9.95	9	2.69	4	
56.48	-5.71	-1.59	1.39	-7.32	3	1.74	3	
56.52	-5.85	7.08	0.72	-7.93	1	0.37	1	
56.56	-5.79	12.57	0.19	-6.96	1	-0.38	-1	
56.60	-5.45	19.53	-0.24	-6.10	0	-1.33	-2	
56.64	-4.80	27.10	-0.51	-2.32	-1	-1.84	-3	
56.68	-2.89	36.19	-0.59	-1.28	-6	-3.32	-6	
56.72	-0.78	41.44	-0.54	0.00	-6	-4.35	-7	
56.76	1.47	44.74	-0.51	-0.31	-9	-5.53	-9	
56.80	3.57	42.60	-0.71	0.37	-8	-6.06	-10	
56.84	5.05	34.91	-1.18	0.00	-13	-6.14	-10	
56.88	6.50	28.20	-1.56	-0.49	-12	-6.28	-10	
56.92	7.95	25.33	-1.65	-1.04	-16	-6.66	-11	
56.96	9.38	25.02	-1.65	-0.73	-12	-7.08	-12	
57.00	10.62	20.94	-1.64	-0.85	-8	-7.11	-12	
57.04	11.56	12.88	-1.82	-1.71	-12	-6.87	-11	
57.08	12.04	1.16	-2.01	-2.75	-14	-6.13	-10	
57.12	11.99	-12.08	-2.27	-4.88	-13	-5.28	-9	
57.16	11.29	-24.17	-2.93	-5.74	-3	-4.34	-7	
57.20	9.76	-35.28	-3.63	-5.31	-7	-3.00	-5	
57.24	7.54	-44.01	-3.70	-3.54	-4	-1.04	-2	
57.28	5.14	-48.71	-3.72	-2.20	-2	0.53	1	
57.32	2.72	-50.35	-3.61	-1.28	0	1.80	3	
57.36	0.34	-49.26	-3.61	-0.85	2	2.61	4	
57.40	-1.95	-48.22	-3.51	0.00	1	3.53	6	
57.44	-4.13	-45.17	-3.64	1.89	7	4.25	7	
57.48	-6.17	-42.54	-3.59	3.97	6	5.10	8	
57.52	-8.11	-39.86	-3.85	3.30	7	5.24	9	
57.56	-9.78	-34.30	-4.20	5.43	10	5.42	9	
57.60	-11.10	-25.09	-4.35	10.38	9	5.73	10	
57.64	-11.88	-11.96	-4.29	16.24	7	5.74	10	
57.68	-12.16	0.37	-4.32	16.60	7	4.61	8	
57.72	-11.82	15.81	-4.34	15.20	5	2.62	4	
57.76	-11.03	27.40	-4.06	15.69	3	1.39	2	
57.80	-9.92	36.38	-3.66	19.47	0	1.00	2	
57.84	-8.24	40.89	-2.51	24.60	7	1.56	3	
57.88	-6.23	44.98	-1.22	26.37	4	1.53	3	
57.92	-4.06	46.88	0.10	26.18	3	1.34	2	
57.96	-1.86	46.33	1.37	23.86	1	0.99	2	
58.00	0.27	43.95	2.53	20.69	1	0.62	1	
58.04	2.42	42.42	3.43	16.60	1	-0.17	0	
58.08	4.48	39.73	4.06	10.74	0	-1.29	-2	
58.12	6.34	35.16	4.52	7.14	-1	-1.83	-3	
58.16	8.02	31.37	4.84	4.27	-2	-2.36	-4	
58.20	9.49	26.79	5.11	2.38	-1	-2.58	-4	
58.24	10.78	22.71	5.29	0.00	-5	-2.93	-5	
58.28	11.76	17.09	5.60	-1.77	-3	-2.82	-5	
58.32	12.42	9.70	5.83	-4.21	-3	-2.59	-4	
58.36	12.93	3.66	5.82	-5.55	-6	-2.39	-4	
58.40	13.12	-4.88	5.51	-10.25	-3	-2.60	-4	
58.44	12.80	-12.57	4.67	-12.15	-1	-2.55	-4	
58.48	11.59	-20.57	3.73	-17.40	-2	-2.81	-5	
58.52	10.08	-27.04	2.93	-18.01	-3	-2.21	-4	
58.56	9.42	-27.95	2.35	-16.72	-7	-2.01	-3	
58.60	8.84	-25.39	2.00	-12.02	-1	-1.44	-2	
58.64	7.55	-23.99	1.89	-8.54	-1	-0.57	-1	
58.68	6.12	-25.88	1.63	-8.61	-1	-0.03	0	
58.72	4.51	-29.54	1.09	-11.41	1	0.08	0	
58.76	3.00	-30.27	0.17	-14.28	0	-0.39	-1	
58.80	1.39	-31.01	-0.74	-15.99	0	-0.61	-1	
58.84	-0.29	-30.64	-1.36	-14.83	0	-0.22	0	
58.88	-1.57	-29.30	-2.32	-13.06	0	-0.18	0	
58.92	-2.79	-26.43	-3.17	-10.99	0	-0.20	0	
58.96	-4.21	-24.35	-3.65	-9.34	0	0.09	0	
59.00	-5.43	-22.58	-3.55	-7.93	0	0.66	1	
59.04	-6.09	-20.45	-3.28	-5.49	0	1.28	2	
59.08	-7.58	-27.47	-3.33	-10.25	1	1.65	3	
59.12	-9.27	-30.70	-3.83	-11.47	3	2.06	3	
59.16	-10.84	-34.73	-4.82	-14.83	4	1.82	3	
59.20	-11.70	-29.97	-5.64	-11.78	2	1.68	3	
59.24	-12.41	-29.17	-6.33	-11.47	2	1.48	2	
59.28	-13.25	-29.24	-6.53	-11.05	5	1.74	3	
59.32	-14.84	-29.54	-7.07	-10.01	3	2.18	4	
59.36	-16.27	-28.56	-7.88	-9.70	3	2.15	4	
59.40	-17.70	-25.88	-8.43	-8.79	7	2.21	4	
59.44	-18.95	-21.48	-8.94	-7.26	1	2.16	4	
59.48	-19.86	-16.54	-8.61	-5.19	1	2.54	4	
59.52	-19.96	-11.90	-8.63	-3.42	2	2.40	4	
59.56	-20.70	-7.69	-8.74	-1.89	2	2.43	4	
59.60	-21.34	-2.50	-8.37	-0.37	6	2.63	4	
59.64	-21.72	4.52	-7.71	1.53	7	2.78	5	
59.68	-21.66	13.18	-6.74	3.85	0	2.87	5	
59.72	-20.45	21.55	-6.13	6.29	5	2.39	4	
59.76	-18.94	28.20	-5.61	8.79	1	1.93	3	
59.80	-17.21	32.65	-5.09	10.99	-1	1.57	3	
59.84	-15.38	34.73	-4.55	13.00	1	1.40	2	
59.88	-13.55	34.67	-3.95	14.53	7	1.40	2	
59.92	-11.78	33.14	-3.28	15.69	0	1.55	3	
59.96	-10.10	31.62	-2.47	16.17	0	1.70	3	
60.00	-8.51	31.25	-1.54	16.60	0	1.82	3	
60.04	-7.00	32.47	-0.55	16.85	6	1.81	3	
60.08	-5.22	34.85	0.26	17.27	1	1.50	2	
60.12	-3.36	36.74	1.03	17.33	-2	1.13	2	
60.16	-1.48	37.60	1.79	16.97	0	0.78	1	
60.20	0.37	35.95	2.39	14.59	0	0.23	0	
60.24	2.14	34.24	2.96	12.27	0	-0.29	0	
60.28	3.83	32.10	3.50	10.38	0	-0.67	-1	
60.32	5.48	30.58	3.84	10.25	0	-0.92	-2	
60.36	7.04	28.14	4.39	9.70	2	-0.97	-2	
60.40	8.40	22.58	4.84	8.00	-1	-0.91	-2	
60.44	9.46	15.20	5.21	5.43	0	-0.75	-1	
60.48	10.13	5.98	5.47	1.53	2	-0.58	-1	
60.52	10.40	-2.26	5.62	-2.69	-1	-0.48	-1	
60.56	9.63	-10.01	5.16	-7.39	0	-0.53	-1	
60.60	8.63	-16.78	4.39	-11.60	1	-0.71	-1	
60.64	7.37	-22.28	3.55	-14.95	0	-0.81	-1	
60.68	5.98	-26.43	2.54	-17.33	-1	-0.93	-2	
60.72	4.45	-29.42	1.52	-18.31	-2	-0.88	-1	
60.76	2.87	-31.07	0.51	-17.88	0	-0.70	-1	
60.80	1.29	-30.40	-0.36	-15.08	0	-0.24	0	
60.84	-0.17	-26.43	-0.97	-10.01	0	0.41	1	
60.88	-1.36	-18.86	-1.25	-3.91	0	0.97	2	
60.92	-2.16	-8.79	-1.27	1.46	-2	1.16	2	
60.96	-2.55	1.71	-1.08	5.31	2	1.01	2	
61.00	-2.56	11.11	-0.82	7.75	1	0.64	1	
61.04	-2.28	18.25	-0.40	9.34	0	0.35	1	
61.08	-1.28	23.86	0.46	10.44	0	0.14	0	
61.12	0.27	28.50	0.71	11.41	0	-0.57	-1	
61.16	1.99	32.35	1.08	12.76	-1	-1.11	-2	
61.20	3.71	33.75	1.86	13.12	-1	-1.31	-2	
61.24	5.22	30.46	2.69	12.08	-1	-1.18	-2	
61.28	6.37	26.31	3.47	7.75	-1	-1.46	-2	
61.32	7.70	23.62	3.82	3.72	-1	-2.17	-4	
61.36	8.94	21.55	4.08	1.40	-4	-2.65	-4	
61.40	9.98	16.60	4.27	0.00	-3	-2.64	-4	
61.44	10.70	8.67	4.41	-2.14	-2	-2.37	-4	
61.48	10.44	1.77	3.93	-5.25	-3	-2.41	-4	
61.52	10.62	-4.39	3.53	-6.71	-6	-2.35	-4	
61.56	10.36	-10.01	2.84	-7.93	-3	-2.32	-4	
61.60	9.66	-15.75	2.08	-8.61	-5	-2.07	-3	
61.64	8.95	-21.24	1.33	-8.73	1	-1.73	-3	
61.68	7.62	-26.92	0.66	-7.57	-1	-0.87	-1	
61.72	5.93	-31.68	0.29	-5.37	-1	0.39	1	
61.76	4.12	-34.18	0.07	-2.14	0	1.74	3	
61.80	2.33	-33.45	0.03	1.65	3	2.95	5	
61.84	0.75	-28.44	0.16	6.10	10	3.88	6	
61.88	-0.46	-18.92	0.49	10.56	3	4.32	7	
61.92	-1.14	-5.37	1.09	15.20	5	4.36	7	
61.96	-1.24	8.42	1.99	19.29	4	4.26	7	
62.00	-0.43	19.23	3.39	22.77	6	4.34	7	
62.04	0.97	25.09	4.72	24.96	8	4.44	7	
62.08	2.31	26.92	6.18	25.82	6	4.83	8	
62.12	3.65	27.47	7.59	24.66	4	4.95	8	
62.16	5.00	26.55	8.83	21.55	6	4.78	8	
62.20	6.45	24.72	9.66	16.54	7	4.06	7	
62.24	7.61	20.75	10.46	12.63	5	3.85	6	
62.28	8.57	17.03	11.20	10.01	3	3.88	6	
62.32	9.18	13.18	12.00	8.61	9	4.31	7	
62.36	9.55	10.44	12.74	6.10	8	4.46	7	
62.40	9.32	8.00	12.80	3.11	2	4.30	7	
62.44	9.84	5.98	13.03	0.00	6	3.90	6	
62.48	9.90	3.42	13.41	-2.69	7	3.90	6	
62.52	9.48	0.37	13.07	-5.98	4	3.57	6	
62.56	9.03	-2.14	12.84	-9.95	10	3.13	5	
62.60	9.35	-4.15	12.00	-14.83	10	1.83	3	
62.64	8.91	-5.86	10.82	-19.78	1	0.55	1	
62.68	8.33	-7.51	9.51	-24.35	7	-0.70	-1	
62.72	7.62	-8.18	8.18	-28.38	0	-1.92	-3	
62.76	7.21	-7.63	6.47	-31.31	-3	-3.41	-6	
62.80	6.89	-6.65	4.70	-32.35	-3	-4.67	-8	
62.84	6.63	-5.98	2.97	-30.76	-8	-5.43	-9	
62.88	6.32	-5.31	1.41	-26.98	-13	-5.67	-9	
62.92	6.10	-3.66	0.10	-20.81	-10	-5.46	-9	
62.96	6.00	-3.11	-0.96	-14.53	-6	-5.01	-8	
63.00	6.21	-3.72	-1.67	-10.25	-3	-4.69	-8	
63.04	6.41	-6.35	-2.01	-7.87	-5	-4.27	-7	
63.08	5.70	-8.30	-2.02	-6.59	-6	-3.59	-6	
63.12	4.89	-8.91	-2.11	-4.94	-6	-3.00	-5	
63.16	4.09	-8.06	-2.36	-4.33	-5	-2.85	-5	
63.20	4.20	-7.39	-2.67	-3.23	-5	-2.95	-5	
63.24	3.82	-7.87	-2.35	-3.23	-4	-2.57	-4	
63.28	3.09	-8.42	-2.29	-4.64	-1	-2.47	-4	
63.32	2.36	-7.08	-2.47	-7.69	-2	-3.01	-5	
63.36	1.75	-3.36	-2.96	-10.07	-4	-3.90	-6	
63.40	1.53	1.22	-3.76	-10.68	-5	-4.90	-8	
63.44	1.50	5.74	-4.52	-9.52	-11	-5.62	-9	
63.48	2.32	8.97	-4.81	-7.51	-9	-6.06	-10	
63.52	2.96	10.74	-5.42	-4.88	-6	-6.38	-11	
63.56	3.67	11.41	-5.88	-1.59	-14	-6.39	-11	
63.60	4.60	11.17	-5.91	3.05	-11	-5.88	-10	
63.64	5.54	10.13	-5.61	8.18	-16	-5.00	-8	
63.68	6.28	8.18	-5.33	13.73	-4	-3.89	-6	
63.72	6.40	6.23	-4.86	20.20	-5	-2.28	-4	
63.76	6.76	5.00	-3.29	26.61	-3	-0.17	0	
63.80	7.00	3.91	-1.61	29.60	0	1.43	2	
63.84	7.06	2.75	-0.02	27.71	3	2.17	4	
63.88	7.12	1.53	1.31	21.61	10	2.00	3	
63.92	7.14	0.73	2.28	12.88	4	1.10	2	
63.96	7.21	0.00	2.83	2.69	0	-0.34	-1	
64.00	7.30	-1.71	2.91	-8.54	1	-2.16	-4	
64.04	7.47	-5.00	2.43	-18.74	-1	-4.00	-7	
64.08	7.42	-9.89	1.64	-26.98	-9	-5.45	-9	
64.12	6.60	-15.38	-0.13	-32.78	-5	-6.72	-11	
64.16	5.64	-20.26	-2.08	-36.25	-8	-7.70	-13	
64.20	4.44	-23.62	-4.03	-37.17	-14	-8.29	-14	
64.24	3.01	-24.96	-5.76	-34.42	-11	-8.21	-14	
64.28	1.64	-23.19	-7.23	-28.32	-16	-7.71	-13	
64.32	0.33	-19.23	-8.25	-19.90	-14	-6.78	-11	
64.36	-0.68	-12.45	-8.88	-10.13	-8	-5.76	-10	
64.40	-1.32	-3.72	-9.08	-1.16	-9	-4.94	-8	
64.44	-1.50	6.10	-8.96	6.53	-11	-4.44	-7	
64.48	-1.01	14.53	-8.90	12.94	-7	-4.31	-7	
64.52	0.21	20.02	-7.85	18.55	-8	-3.65	-6	
64.56	1.47	23.07	-6.59	22.16	-5	-2.99	-5	
64.60	2.84	24.72	-5.28	22.83	-6	-2.73	-5	
64.64	4.28	25.27	-4.08	20.87	-4	-2.90	-5	
64.68	5.65	23.99	-3.00	17.21	-3	-3.25	-5	
64.72	6.84	20.39	-2.04	14.10	-4	-3.27	-5	
64.76	7.74	13.12	-1.35	8.18	-4	-3.47	-6	
64.80	8.22	4.33	-0.84	2.56	-6	-3.43	-6	
64.84	8.35	-4.70	-0.68	-4.58	0	-3.72	-6	
64.88	8.16	-12.70	-0.76	-10.31	-4	-3.90	-6	
64.92	7.67	-19.71	-1.05	-15.87	-9	-4.18	-7	
64.96	6.18	-25.94	-1.81	-20.87	-7	-4.37	-7	
65.00	4.56	-30.03	-3.01	-23.99	-6	-4.66	-8	
65.04	2.92	-31.92	-4.37	-25.27	-6	-4.96	-8	
65.08	1.16	-30.70	-5.46	-23.32	-4	-4.77	-8	
65.12	-0.49	-26.55	-6.29	-19.71	-6	-4.48	-7	
65.16	-1.82	-19.78	-7.03	-15.56	-7	-4.42	-7	
65.20	-2.76	-11.60	-7.67	-11.60	-6	-4.62	-8	
65.24	-3.23	-2.75	-8.24	-6.84	-6	-4.87	-8	
65.28	-3.14	4.88	-8.74	-1.22	-10	-4.99	-8	
65.32	-2.21	9.77	-8.58	3.36	-7	-4.90	-8	
65.36	-1.18	11.78	-8.64	7.02	-11	-4.86	-8	
65.40	-0.01	12.21	-8.18	9.83	-8	-4.54	-8	
65.44	1.08	11.96	-7.44	12.15	-6	-4.02	-7	
65.48	2.15	10.80	-6.63	13.00	-11	-3.63	-6	
65.52	3.10	8.42	-5.78	11.72	-7	-3.43	-6	
65.56	3.89	5.68	-4.96	9.46	-1	-3.33	-6	
65.60	4.50	2.81	-4.19	7.32	-7	-3.15	-5	
65.64	4.85	0.00	-3.44	5.86	-8	-2.79	-5	
65.68	5.18	-2.01	-2.89	4.94	-4	-2.52	-4	
65.72	5.01	-3.36	-3.16	5.19	0	-2.45	-4	
65.76	4.29	-3.91	-2.88	6.35	-2	-1.76	-3	
65.80	3.67	-4.15	-2.33	7.39	-5	-0.98	-2	
65.84	3.22	-3.97	-1.69	6.59	3	-0.59	-1	
65.88	2.61	-3.78	-1.23	4.21	-2	-0.54	-1	
65.92	1.98	-3.60	-0.96	1.22	-2	-0.70	-1	
65.96	1.36	-2.99	-0.87	-1.53	0	-0.99	-2	
66.00	0.86	-1.46	-1.09	-4.09	-1	-1.56	-3	
66.04	0.55	0.55	-1.53	-5.86	-2	-2.25	-4	
66.08	0.56	1.77	-2.13	-6.04	-4	-2.78	-5	
66.12	0.53	1.71	-2.74	-4.76	-5	-2.91	-5	
66.16	0.60	0.73	-3.37	-2.81	-5	-2.87	-5	
66.20	0.62	-0.37	-3.98	-0.92	-5	-2.80	-5	
66.24	1.24	-1.10	-4.50	0.61	-4	-2.99	-5	
66.28	1.74	-1.71	-4.16	1.53	-4	-2.73	-5	
66.32	2.13	-2.26	-3.79	1.34	-5	-2.61	-4	
66.36	2.39	-2.14	-3.45	-0.31	-4	-2.81	-5	
66.40	2.95	-1.46	-3.20	-3.23	-5	-3.44	-6	
66.44	3.71	-0.73	-3.25	-5.86	-6	-4.29	-7	
66.48	4.26	-0.92	-3.74	-6.29	-11	-4.85	-8	
66.52	4.79	-2.32	-3.90	-3.85	-8	-4.55	-8	
66.56	5.08	-4.82	-3.79	0.00	-7	-3.64	-6	
66.60	4.72	-7.75	-4.17	3.60	-6	-2.80	-5	
66.64	3.64	-10.01	-3.85	7.26	-4	-1.32	-2	
66.68	2.66	-10.86	-3.07	10.56	-1	0.19	0	
66.72	1.61	-10.74	-2.19	12.57	1	1.45	2	
66.76	0.88	-9.64	-1.06	12.63	1	2.30	4	
66.80	0.40	-8.61	0.06	10.31	6	2.64	4	
66.84	-0.23	-7.39	0.78	6.90	1	2.56	4	
66.88	-0.75	-5.86	0.94	3.78	3	2.13	4	
66.92	-1.21	-2.81	1.05	3.23	2	1.95	3	
66.96	-1.53	1.95	1.08	3.85	2	1.70	3	
67.00	-1.27	6.96	0.78	4.88	-5	1.09	2	
67.04	-0.46	10.74	0.70	5.74	0	0.51	1	
67.08	0.40	11.47	0.89	6.10	1	0.32	1	
67.12	1.10	9.28	1.27	6.10	2	0.52	1	
67.16	1.62	4.76	1.58	4.64	3	0.74	1	
67.20	1.89	-0.73	1.89	2.62	0	1.04	2	
67.24	2.01	-6.35	1.98	-0.31	0	1.11	2	
67.28	1.59	-11.23	1.41	-2.56	1	1.01	2	
67.32	0.54	-15.08	1.12	-3.91	1	1.36	2	
67.36	-0.57	-17.94	0.72	-4.52	2	1.70	3	
67.40	-1.69	-20.20	0.25	-4.76	1	2.00	3	
67.44	-2.80	-21.91	-0.22	-4.27	2	2.36	4	
67.48	-4.05	-22.95	0.09	-3.36	1	3.27	5	
67.52	-5.41	-23.19	0.19	-2.01	2	4.08	7	
67.56	-6.73	-22.40	0.38	-0.31	6	4.89	8	
67.60	-7.88	-20.69	0.43	1.89	10	5.55	9	
67.64	-8.71	-18.62	0.43	4.70	5	6.13	10	
67.68	-9.19	-16.78	1.38	7.39	16	7.18	12	
67.72	-10.17	-15.26	2.14	9.95	11	8.30	14	
67.76	-10.35	-13.79	2.98	11.72	10	9.05	15	
67.80	-10.96	-12.27	3.97	12.51	10	9.86	16	
67.84	-11.59	-10.13	4.89	12.08	19	10.35	17	
67.88	-11.81	-7.63	5.84	10.44	13	10.46	17	
67.92	-11.82	-4.70	6.68	7.93	23	10.23	17	
67.96	-12.29	-1.77	7.03	4.94	25	9.77	16	
68.00	-12.17	1.34	7.64	1.65	9	9.19	15	
68.04	-11.83	4.82	7.19	-1.83	20	7.80	13	
68.08	-11.49	8.48	6.56	-5.37	13	6.28	10	
68.12	-10.57	12.08	6.45	-8.73	3	4.91	8	
68.16	-9.84	15.50	5.55	-11.66	11	3.21	5	
68.20	-9.16	18.92	4.57	-13.73	9	1.64	3	
68.24	-7.83	22.22	4.19	-15.44	7	0.28	0	
68.28	-6.47	24.96	3.24	-17.15	0	-1.37	-2	
68.32	-5.46	27.40	2.08	-18.80	-2	-3.00	-5	
68.36	-4.10	30.15	0.87	-20.08	-7	-4.74	-8	
68.40	-2.46	33.02	-0.25	-20.45	-5	-6.37	-11	
68.44	-0.80	34.91	-1.39	-19.29	-9	-7.65	-13	
68.48	1.02	34.79	-2.25	-16.42	-15	-8.30	-14	
68.52	2.66	32.71	-3.07	-12.08	-12	-8.40	-14	
68.56	4.31	29.36	-3.46	-7.81	-14	-8.11	-13	
68.60	5.81	25.21	-3.61	-3.91	-16	-7.61	-13	
68.64	7.14	21.06	-3.63	-0.92	-12	-7.12	-12	
68.68	8.17	17.27	-3.23	1.34	-8	-6.44	-11	
68.72	8.63	14.10	-2.65	2.93	-14	-5.63	-9	
68.76	8.64	11.66	-2.47	3.91	-10	-5.10	-8	
68.80	8.77	9.70	-1.95	3.85	-8	-4.63	-8	
68.84	9.37	7.75	-1.48	3.17	-10	-4.48	-7	
68.88	10.00	5.31	-1.55	2.44	-7	-4.62	-8	
68.92	10.22	2.20	-1.88	2.20	-7	-4.62	-8	
68.96	9.89	-1.40	-2.07	3.11	-8	-4.08	-7	
69.00	9.31	-5.00	-1.60	4.52	-3	-2.96	-5	
69.04	8.59	-8.00	-1.11	5.92	-4	-1.84	-3	
69.08	7.78	-10.13	-0.60	6.84	-3	-0.85	-1	
69.12	6.93	-11.54	-0.03	7.32	2	0.03	0	
69.16	6.09	-12.39	0.59	7.32	0	0.80	1	
69.20	5.19	-12.82	1.13	6.96	1	1.43	2	
69.24	4.43	-12.94	1.77	5.98	-1	1.93	3	
69.28	4.35	-13.12	1.99	4.58	3	1.86	3	
69.32	3.50	-13.61	1.77	3.30	1	1.85	3	
69.36	2.81	-14.40	1.44	2.81	10	1.89	3	
69.40	2.09	-15.32	1.14	3.60	3	2.19	4	
69.44	0.99	-16.42	1.18	5.19	4	3.01	5	
69.48	-0.16	-17.27	1.42	6.90	2	3.96	7	
69.52	-0.86	-17.70	2.19	7.87	3	4.90	8	
69.56	-1.73	-16.91	2.89	7.75	9	5.54	9	
69.60	-2.83	-15.38	3.08	6.96	5	5.75	10	
69.64	-3.76	-13.00	3.04	6.71	9	5.76	10	
69.68	-3.79	-10.68	3.49	7.08	9	5.87	10	
69.72	-3.72	-9.03	3.87	7.75	2	6.03	10	
69.76	-3.65	-8.42	4.37	8.00	12	6.30	10	
69.80	-3.55	-8.73	4.77	7.87	15	6.52	11	
69.84	-3.58	-9.52	5.39	7.51	7	6.93	12	
69.88	-4.38	-10.19	5.87	7.02	13	7.49	12	
69.92	-5.20	-10.13	6.16	6.53	8	7.86	13	
69.96	-5.97	-9.22	6.53	6.04	12	8.19	14	
70.00	-6.11	-7.69	6.36	5.68	19	7.91	13	
70.04	-6.64	-5.74	6.91	5.19	14	8.14	14	
70.08	-6.83	-3.36	7.55	4.15	11	8.17	14	
70.12	-7.01	-0.61	8.09	2.38	8	7.97	13	
70.16	-6.46	2.26	8.20	0.00	10	7.11	12	
70.20	-6.02	4.94	8.52	-2.20	9	6.48	11	
70.24	-5.57	7.63	7.89	-4.76	12	5.19	9	
70.28	-4.92	10.13	7.21	-7.20	13	3.84	6	
70.32	-4.84	12.45	6.62	-9.03	7	2.88	5	
70.36	-3.90	14.89	6.42	-11.05	2	1.81	3	
70.40	-3.03	17.27	5.46	-12.94	3	0.32	1	
70.44	-2.00	19.53	4.48	-14.53	0	-1.16	-2	
70.48	-0.88	21.18	3.51	-15.26	-3	-2.47	-4	
70.52	0.23	22.34	2.47	-15.26	-3	-3.61	-6	
70.56	1.47	22.71	1.59	-14.59	-2	-4.52	-7	
70.60	2.74	21.79	0.85	-13.31	-6	-5.10	-8	
70.64	3.93	19.47	0.17	-12.21	-11	-5.51	-9	
70.68	4.99	16.66	-0.49	-10.56	-10	-5.70	-9	
70.72	5.97	13.61	-0.73	-9.03	-9	-5.61	-9	
70.76	6.22	10.99	-0.65	-7.69	-13	-5.13	-9	
70.80	6.19	8.54	-0.73	-7.87	-9	-4.95	-8	
70.84	6.34	6.47	-1.56	-8.30	-9	-5.37	-9	
70.88	6.11	4.76	-1.73	-8.12	-8	-5.19	-9	
70.92	6.03	2.93	-2.47	-7.57	-5	-5.33	-9	
70.96	5.85	1.71	-3.09	-6.41	-4	-5.31	-9	
71.00	5.68	0.98	-3.64	-4.21	-10	-5.11	-8	
71.04	5.74	0.85	-3.22	-1.46	-7	-4.37	-7	
71.08	5.76	0.79	-2.74	0.00	-4	-3.82	-6	
71.12	5.63	0.61	-2.28	0.43	-5	-3.39	-6	
71.16	5.52	0.24	-1.83	0.00	-5	-3.11	-5	
71.20	5.30	0.00	-1.44	-0.61	-5	-2.88	-5	
71.24	5.08	0.37	-1.88	-1.46	-5	-3.26	-5	
71.28	5.25	0.61	-2.39	-2.14	-5	-3.79	-6	
71.32	5.42	0.73	-2.03	-2.08	-5	-3.63	-6	
71.36	5.02	0.79	-2.20	-1.28	-5	-3.45	-6	
71.40	4.71	1.34	-2.48	-0.31	-8	-3.40	-6	
71.44	5.17	2.08	-2.19	0.67	-5	-3.28	-5	
71.48	5.68	2.50	-1.92	1.59	-4	-3.18	-5	
71.52	6.21	2.01	-1.74	1.95	-4	-3.14	-5	
71.56	6.66	0.73	-1.83	2.20	-4	-3.17	-5	
71.60	6.42	-0.79	-2.08	2.93	-4	-2.96	-5	
71.64	6.16	-2.08	-1.46	4.33	-5	-2.10	-3	
71.68	5.98	-2.87	-0.77	5.13	-3	-1.38	-2	
71.72	5.73	-3.36	-0.11	4.70	-1	-0.92	-2	
71.76	5.37	-3.72	0.45	3.11	-2	-0.69	-1	
71.80	4.87	-3.66	0.82	1.28	0	-0.62	-1	
71.84	4.29	-2.93	0.88	-0.67	2	-0.80	-1	
71.88	4.20	-1.59	0.34	-2.14	-1	-1.50	-2	
71.92	4.63	-0.49	0.11	-3.23	-2	-2.11	-4	
71.96	4.92	-0.55	-0.38	-3.48	-4	-2.55	-4	
72.00	5.13	-1.28	-0.92	-3.60	-2	-2.90	-5	
72.04	4.81	-2.01	-1.47	-3.36	-4	-3.01	-5	
72.08	4.45	-2.20	-1.95	-2.50	-4	-3.00	-5	
72.12	4.05	-1.83	-1.67	-1.28	-4	-2.51	-4	
72.16	4.27	-1.40	-1.31	0.00	-4	-2.18	-4	
72.20	4.04	-0.98	-0.89	0.24	-4	-1.84	-3	
72.24	4.40	-0.85	-0.64	0.24	-1	-1.83	-3	
72.28	4.06	-0.61	-0.97	0.00	-2	-1.98	-3	
72.32	3.88	0.00	-0.54	0.24	-3	-1.67	-3	
72.36	3.72	0.73	-0.12	0.00	-1	-1.47	-2	
72.40	4.02	1.65	-0.53	-0.37	-2	-1.99	-3	
72.44	4.42	1.89	-0.85	0.00	-2	-2.29	-4	
72.48	4.91	0.98	-0.72	0.55	-3	-2.19	-4	
72.52	5.31	-1.34	-0.60	1.22	-4	-1.90	-3	
72.56	5.36	-4.33	-0.93	1.34	-3	-1.79	-3	
72.60	5.27	-7.14	-1.26	1.83	-3	-1.58	-3	
72.64	5.06	-9.58	-1.55	3.30	-3	-1.17	-2	
72.68	4.33	-11.84	-0.96	5.00	-2	-0.01	0	
72.72	3.32	-13.85	-0.66	6.53	0	1.02	2	
72.76	2.25	-15.44	-0.40	8.06	6	2.00	3	
72.80	1.21	-16.11	0.22	9.52	5	3.08	5	
72.84	0.15	-15.87	0.80	10.68	11	4.01	7	
72.88	-0.51	-14.40	1.71	10.99	2	4.70	8	
72.92	-0.73	-13.49	2.48	10.62	10	5.09	8	
72.96	-0.89	-12.94	3.13	10.01	11	5.38	9	
73.00	-1.91	-13.43	3.48	9.70	17	5.96	10	
73.04	-2.48	-13.49	3.38	9.64	8	6.09	10	
73.08	-2.68	-13.92	3.49	10.01	13	6.34	11	
73.12	-3.66	-14.22	3.74	10.80	10	7.01	12	
73.16	-3.81	-14.65	4.41	12.08	17	7.76	13	
73.20	-4.42	-15.08	5.41	12.88	7	8.78	15	
73.24	-5.17	-15.50	6.39	12.88	8	9.69	16	
73.28	-5.73	-15.87	6.49	12.63	22	9.95	17	
73.32	-6.32	-16.11	7.52	12.76	21	10.83	18	
73.36	-6.55	-16.48	8.30	12.70	13	11.43	19	
73.40	-7.42	-16.60	8.46	12.76	25	11.86	20	
73.44	-8.44	-16.36	8.81	12.88	23	12.43	21	
73.48	-8.83	-15.75	9.83	13.43	26	13.23	22	
73.52	-9.13	-15.08	10.80	13.31	27	13.84	23	
73.56	-9.35	-14.77	11.64	12.82	20	14.32	24	
73.60	-10.13	-14.83	11.70	12.15	22	14.52	24	
73.64	-10.99	-15.20	12.53	11.17	18	15.20	25	
73.68	-11.75	-15.50	12.54	10.01	22	15.30	25	
73.72	-12.61	-15.56	13.30	8.73	28	15.85	26	
73.76	-13.47	-15.20	13.99	7.57	17	16.33	27	
73.80	-13.88	-14.22	13.97	6.35	30	16.15	27	
73.84	-14.46	-12.70	14.76	5.25	22	16.48	27	
73.88	-15.15	-10.38	15.24	4.03	33	16.57	28	
73.92	-15.79	-7.08	15.47	2.44	26	16.30	27	
73.96	-16.22	-2.81	15.75	0.00	37	15.75	26	
74.00	-16.10	2.14	15.19	-2.81	28	14.35	24	
74.04	-15.71	7.39	15.37	-5.92	18	13.22	22	
74.08	-14.92	12.33	14.66	-9.16	26	11.41	19	
74.12	-14.03	16.91	14.49	-12.57	26	9.90	16	
74.16	-12.87	20.94	13.51	-16.48	15	7.76	13	
74.20	-11.80	24.54	12.24	-20.02	15	5.59	9	
74.24	-10.23	27.83	11.17	-23.19	7	3.46	6	
74.28	-8.58	30.03	9.97	-25.63	11	1.47	2	
74.32	-6.92	31.49	8.61	-27.89	3	-0.51	-1	
74.36	-5.28	32.29	7.11	-30.03	0	-2.49	-4	
74.40	-3.73	33.26	5.47	-31.43	-1	-4.40	-7	
74.44	-2.17	34.00	3.81	-31.62	-10	-6.09	-10	
74.48	-0.42	34.18	2.33	-30.58	-9	-7.45	-12	
74.52	1.39	33.51	1.22	-29.54	-9	-8.52	-14	
74.56	2.96	31.80	-0.28	-28.69	-18	-9.67	-16	
74.60	4.49	29.17	-1.62	-26.49	-12	-10.37	-17	
74.64	5.68	25.82	-2.99	-23.50	-19	-10.75	-18	
74.68	6.30	23.25	-4.11	-20.26	-19	-10.82	-18	
74.72	6.86	21.85	-5.11	-18.07	-18	-11.10	-18	
74.76	8.07	21.12	-5.38	-15.81	-20	-11.21	-19	
74.80	8.96	20.26	-5.43	-14.10	-13	-11.16	-19	
74.84	9.33	19.29	-5.82	-12.63	-18	-11.17	-19	
74.88	10.49	18.19	-5.98	-11.41	-21	-11.34	-19	
74.92	11.59	16.78	-6.10	-10.25	-28	-11.45	-19	
74.96	12.52	14.65	-6.07	-9.09	-17	-11.34	-19	
75.00	13.44	11.96	-6.19	-8.24	-21	-11.31	-19	
75.04	14.20	8.54	-6.66	-7.39	-19	-11.36	-19	
75.08	14.46	4.33	-7.29	-5.92	-18	-11.14	-18	
75.12	14.21	0.00	-7.72	-3.42	-11	-10.42	-17	
75.16	13.65	-4.46	-7.51	0.00	-21	-9.01	-15	
75.20	12.92	-7.75	-7.23	2.75	-12	-7.75	-13	
75.24	12.09	-9.83	-6.97	5.19	-16	-6.64	-11	
75.28	11.23	-10.80	-6.50	7.45	-10	-5.54	-9	
75.32	10.43	-11.60	-5.82	9.52	-3	-4.38	-7	
75.36	9.65	-12.76	-4.99	11.17	-10	-3.17	-5	
75.40	8.84	-14.40	-4.07	12.51	-9	-1.91	-3	
75.44	7.91	-15.87	-3.16	13.49	0	-0.69	-1	
75.48	6.89	-16.97	-2.27	14.04	0	0.43	1	
75.52	5.82	-17.46	-1.43	14.04	3	1.38	2	
75.56	4.71	-17.21	-0.65	14.16	5	2.25	4	
75.60	3.59	-16.48	-0.06	14.34	6	2.97	5	
75.64	2.79	-15.69	0.96	14.83	5	3.89	6	
75.68	2.59	-15.44	1.73	15.20	15	4.47	7	
75.72	2.38	-15.75	2.45	14.59	7	4.92	8	
75.76	1.91	-16.72	3.39	13.55	11	5.57	9	
75.80	0.86	-17.33	4.16	11.41	10	6.10	10	
75.84	0.15	-17.94	4.96	9.40	5	6.55	11	
75.88	-1.05	-18.31	5.41	6.47	14	6.76	11	
75.92	-2.26	-18.31	5.31	3.85	15	6.66	11	
75.96	-2.89	-17.70	5.73	1.04	9	6.57	11	
76.00	-3.92	-16.48	5.93	-1.77	7	6.43	11	
76.04	-4.18	-15.50	5.87	-5.31	7	5.75	10	
76.08	-4.57	-14.34	5.85	-9.77	6	4.96	8	
76.12	-4.83	-13.49	4.90	-14.65	15	3.50	6	
76.16	-5.38	-12.57	3.63	-19.47	12	1.95	3	
76.20	-5.93	-11.66	2.23	-22.58	5	0.63	1	
76.24	-6.37	-10.38	0.75	-24.35	0	-0.57	-1	
76.28	-6.82	-9.03	-0.76	-24.96	-1	-1.59	-3	
76.32	-7.22	-7.26	-2.27	-25.39	-2	-2.64	-4	
76.36	-7.52	-4.70	-3.79	-25.45	-7	-3.74	-6	
76.40	-7.32	-1.77	-5.19	-24.72	-7	-4.85	-8	
76.44	-6.90	0.61	-6.42	-24.23	-8	-5.91	-10	
76.48	-6.55	1.89	-7.73	-23.19	-6	-6.79	-11	
76.52	-6.28	2.26	-9.05	-22.03	-8	-7.53	-13	
76.56	-6.19	2.62	-10.30	-19.84	-14	-7.98	-13	
76.60	-5.96	3.36	-11.40	-16.48	-11	-8.21	-14	
76.64	-5.67	4.15	-12.30	-11.41	-19	-8.04	-13	
76.68	-5.38	4.39	-12.92	-3.72	-8	-7.17	-12	
76.72	-5.12	4.33	-13.16	6.29	-13	-5.60	-9	
76.76	-4.40	4.39	-12.51	16.85	-6	-3.57	-6	
76.80	-4.14	4.94	-11.07	26.06	-6	-1.17	-2	
76.84	-3.88	5.49	-9.38	32.17	2	0.81	1	
76.88	-3.67	6.04	-7.58	35.46	0	2.38	4	
76.92	-3.28	6.65	-5.70	37.48	6	3.69	6	
76.96	-2.95	7.39	-3.76	39.25	13	5.02	8	
77.00	-2.61	8.12	-1.75	41.02	8	6.37	11	
77.04	-2.21	8.36	0.24	40.89	13	7.41	12	
77.08	-1.82	7.32	2.13	38.45	16	8.11	13	
77.12	-1.52	6.23	3.92	35.28	9	8.64	14	
77.16	-1.42	5.00	5.62	32.29	10	9.24	15	
77.20	-1.25	4.88	7.24	29.97	12	9.77	16	
77.24	-1.13	4.27	8.77	27.77	26	10.35	17	
77.28	-1.03	3.85	10.22	25.57	18	10.85	18	
77.32	-0.97	3.17	11.56	23.13	17	11.29	19	
77.36	-0.93	2.32	12.73	18.55	21	11.26	19	
77.40	-0.80	1.04	13.61	11.72	17	10.66	18	
77.44	-0.60	-0.67	14.09	3.05	21	9.51	16	
77.48	-0.33	-2.87	13.68	-5.07	14	7.93	13	
77.52	-0.90	-4.82	12.97	-11.66	9	6.71	11	
77.56	-1.40	-5.86	11.99	-16.60	20	5.51	9	
77.60	-1.84	-5.80	10.85	-20.32	9	4.29	7	
77.64	-2.20	-4.82	9.60	-23.32	6	3.01	5	
77.68	-2.35	-3.54	8.21	-25.33	5	1.71	3	
77.72	-2.36	-2.32	6.76	-26.43	0	0.50	1	
77.76	-2.30	-1.77	5.29	-26.73	0	-0.54	-1	
77.80	-1.91	-1.95	4.10	-27.59	0	-1.55	-3	
77.84	-2.26	-2.08	2.55	-29.05	-3	-2.63	-4	
77.88	-2.50	-1.34	0.93	-29.30	-2	-3.66	-6	
77.92	-2.93	0.00	-0.37	-27.77	-6	-4.17	-7	
77.96	-2.44	1.59	-1.32	-26.98	-7	-4.95	-8	
78.00	-2.12	2.56	-2.84	-26.73	-5	-6.06	-10	
78.04	-2.12	3.36	-3.56	-27.77	-5	-6.77	-11	
78.08	-1.58	3.72	-4.46	-28.38	-8	-7.67	-13	
78.12	-1.25	3.72	-6.14	-30.21	-10	-9.14	-15	
78.16	-1.23	3.30	-7.03	-32.41	-9	-10.05	-17	
78.20	-0.59	2.69	-8.42	-34.73	-11	-11.49	-19	
78.24	-0.35	1.71	-10.41	-36.99	-12	-13.10	-22	
78.28	-0.08	0.79	-12.48	-39.00	-22	-14.74	-24	
78.32	0.60	0.00	-14.49	-40.34	-28	-16.38	-27	
78.36	0.78	0.00	-16.55	-40.59	-32	-17.76	-29	
78.40	1.26	1.22	-18.60	-39.12	-37	-19.05	-32	
78.44	1.58	2.93	-20.46	-35.40	-28	-19.82	-33	
78.48	1.92	3.85	-22.04	-28.44	-28	-19.75	-33	
78.52	2.17	3.23	-23.20	-18.31	-28	-18.68	-31	
78.56	2.41	1.34	-23.86	-5.80	-27	-16.73	-28	
78.60	2.55	-0.61	-24.02	6.77	-29	-14.41	-24	
78.64	2.43	-1.83	-22.96	17.70	-22	-11.63	-19	
78.68	2.27	-1.89	-21.52	26.12	-21	-9.17	-15	
78.72	2.11	-1.46	-19.81	32.04	-16	-7.04	-12	
78.76	1.85	-0.85	-17.93	36.74	-9	-5.01	-8	
78.80	1.65	-0.37	-15.88	40.71	-9	-3.01	-5	
78.84	1.56	0.00	-13.67	44.13	-6	-1.05	-2	
78.88	1.55	0.24	-11.38	46.26	-2	0.72	1	
78.92	1.56	0.73	-9.04	47.67	1	2.36	4	
78.96	1.67	1.59	-6.66	48.40	1	3.83	6	
79.00	1.77	2.14	-4.26	49.07	1	5.34	9	
79.04	1.82	1.59	-1.88	48.71	10	6.78	11	
79.08	1.85	0.00	0.47	47.73	15	8.20	14	
79.12	1.86	-0.55	2.76	46.33	16	9.41	16	
79.16	1.82	-0.55	5.01	44.98	20	10.57	18	
79.20	1.87	0.00	7.19	43.21	20	11.52	19	
79.24	1.87	-1.16	9.26	40.47	15	12.42	21	
79.28	1.87	-2.14	11.18	37.11	22	13.10	22	
79.32	1.77	-3.23	12.96	33.57	21	13.71	23	
79.36	1.48	-4.09	14.59	29.85	19	14.24	24	
79.40	1.14	-4.70	16.00	24.41	17	14.31	24	
79.44	0.73	-4.58	17.08	16.85	23	13.76	23	
79.48	0.21	-4.46	17.02	9.03	24	12.49	21	
79.52	-0.52	-4.33	17.20	2.50	23	11.67	19	
79.56	-1.00	-3.72	17.40	-2.99	12	10.91	18	
79.60	-1.43	-2.14	17.23	-9.77	23	9.58	16	
79.64	-1.36	0.00	16.12	-17.15	14	7.33	12	
79.68	-0.98	2.38	14.80	-24.05	18	4.89	8	
79.72	-0.53	3.11	13.83	-31.43	13	2.73	5	
79.76	-0.34	3.17	11.80	-39.67	2	-0.07	0	
79.80	-0.32	2.87	9.46	-47.06	0	-2.81	-5	
79.84	0.11	2.69	7.03	-52.00	-4	-5.32	-9	
79.88	0.02	2.20	4.46	-55.79	-8	-7.51	-12	
79.92	0.15	1.95	1.73	-58.17	-12	-9.64	-16	
79.96	0.35	2.75	-1.03	-58.78	-16	-11.60	-19	
80.00	0.41	3.05	-3.63	-54.32	-17	-12.45	-21	
80.04	0.62	1.89	-6.03	-49.01	-25	-12.93	-21	
80.08	0.73	0.92	-8.22	-42.85	-25	-13.11	-22	
80.12	0.93	-0.43	-10.21	-37.60	-23	-13.32	-22	
80.16	1.23	2.26	-11.88	-29.79	-19	-13.34	-22	
80.20	1.59	2.75	-13.39	-26.00	-28	-13.76	-23	
80.24	2.15	4.21	-14.65	-21.73	-20	-14.12	-23	
80.28	2.42	2.44	-15.82	-18.31	-22	-14.14	-23	
80.32	2.55	2.14	-16.65	-9.58	-27	-13.09	-22	
80.36	2.65	1.40	-17.06	0.24	-28	-11.55	-19	
80.40	2.72	0.00	-17.06	10.74	-20	-9.54	-16	
80.44	3.12	-1.59	-16.38	21.00	-17	-7.25	-12	
80.48	2.88	-3.30	-14.78	29.97	-10	-4.40	-7	
80.52	2.64	-4.52	-12.85	37.78	-4	-1.60	-3	
80.56	2.37	-5.00	-10.66	44.19	0	1.05	2	
80.60	2.17	-4.88	-8.24	49.19	-7	3.50	6	
80.64	2.00	-4.39	-5.69	52.55	4	5.68	9	
80.68	1.87	-4.33	-3.13	52.55	5	7.30	12	
80.72	1.65	-4.21	-0.70	49.56	6	8.32	14	
80.76	1.38	-4.39	1.50	43.88	12	8.77	15	
80.80	1.12	-3.60	3.39	36.25	11	8.57	14	
80.84	0.93	-2.69	4.89	26.37	17	7.69	13	
80.88	0.88	-1.65	6.01	16.66	23	6.55	11	
80.92	0.78	-1.34	6.82	9.09	12	5.69	9	
80.96	0.63	-1.04	7.31	1.53	7	4.66	8	
81.00	0.46	-0.37	7.44	-7.45	10	3.12	5	
81.04	0.28	0.37	7.16	-17.33	3	1.16	2	
81.08	-0.03	1.59	6.40	-25.57	2	-0.80	-1	
81.12	0.27	2.93	4.69	-32.35	-1	-3.32	-6	
81.16	0.54	4.39	2.72	-38.02	-16	-5.80	-10	
81.20	0.78	4.76	0.62	-41.38	-6	-7.82	-13	
81.24	0.99	4.94	-1.50	-41.63	-17	-9.26	-15	
81.28	1.24	5.49	-3.49	-38.45	-16	-10.06	-17	
81.32	1.52	6.77	-5.18	-30.64	-15	-9.93	-16	
81.36	1.87	7.45	-6.39	-18.74	-11	-8.74	-15	
81.40	2.18	6.96	-7.02	-4.21	-18	-6.57	-11	
81.44	2.61	6.59	-7.07	9.52	-11	-4.25	-7	
81.48	3.24	7.20	-5.97	19.65	-8	-2.04	-3	
81.52	3.91	6.65	-4.72	23.74	2	-0.72	-1	
81.56	4.16	5.00	-3.26	24.66	-1	0.42	1	
81.60	4.25	2.56	-1.86	23.32	1	1.26	2	
81.64	4.26	1.89	-0.60	20.08	3	1.53	3	
81.68	4.23	1.22	0.26	10.01	4	0.33	1	
81.72	4.28	0.73	0.59	-3.11	0	-1.79	-3	
81.76	4.75	0.61	0.11	-14.28	-3	-4.25	-7	
81.80	4.76	0.85	-1.12	-18.92	-7	-5.87	-10	
81.84	4.75	0.61	-2.21	-15.50	-11	-5.90	-10	
81.88	4.69	-0.24	-2.93	-5.74	-13	-4.48	-7	
81.92	4.57	-1.16	-3.11	8.00	-9	-1.98	-3	
81.96	4.18	-1.71	-2.70	19.78	-5	0.58	1	
82.00	3.92	-2.01	-1.20	27.04	0	2.93	5	
82.04	3.60	-2.14	0.44	30.88	1	4.76	8	
82.08	3.82	-2.14	2.07	32.35	9	5.95	10	
82.12	3.56	-2.81	3.83	32.84	8	7.28	12	
82.16	3.30	-2.62	5.56	31.98	6	8.26	14	
82.20	3.06	-2.50	7.21	30.27	8	9.05	15	
82.24	2.58	-1.59	8.61	27.95	20	9.57	16	
82.28	2.24	-1.28	10.05	26.06	13	10.20	17	
82.32	1.95	-0.79	11.41	24.23	15	10.76	18	
82.36	2.27	-0.37	12.52	22.28	11	10.94	18	
82.40	2.15	0.00	13.70	18.68	12	11.03	18	
82.44	1.59	-0.24	14.57	14.34	21	11.00	18	
82.48	0.96	0.00	15.08	9.28	18	10.61	18	
82.52	1.09	0.55	15.64	4.39	16	9.97	17	
82.56	1.56	1.22	15.79	-1.16	21	8.83	15	
82.60	2.03	1.53	15.22	-7.39	10	7.17	12	
82.64	2.22	1.46	14.24	-13.61	14	5.38	9	
82.68	2.24	1.46	13.05	-19.04	6	3.66	6	
82.72	2.30	1.89	11.68	-23.25	11	2.00	3	
82.76	2.66	2.38	10.21	-26.73	1	0.29	0	
82.80	2.80	2.93	8.58	-29.60	0	-1.33	-2	
82.84	3.02	3.30	6.87	-31.43	-2	-2.83	-5	
82.88	3.15	3.48	5.15	-31.68	-3	-4.00	-7	
82.92	3.28	3.78	3.46	-30.76	-2	-4.95	-8	
82.96	3.50	3.66	1.81	-29.79	-8	-5.86	-10	
83.00	3.25	3.91	0.46	-29.17	-12	-6.51	-11	
83.04	3.45	4.21	-1.18	-29.48	-17	-7.68	-13	
83.08	3.78	4.82	-1.95	-30.03	-7	-8.44	-14	
83.12	4.01	5.55	-2.74	-31.07	-12	-9.26	-15	
83.16	4.32	6.16	-4.48	-32.29	-11	-10.73	-18	
83.20	4.88	6.65	-6.16	-33.08	-17	-12.16	-20	
83.24	5.28	6.71	-7.90	-32.53	-23	-13.27	-22	
83.28	5.88	6.41	-9.44	-30.70	-22	-14.08	-23	
83.32	6.33	5.49	-10.97	-28.69	-27	-14.72	-24	
83.36	6.13	4.52	-11.78	-27.16	-33	-14.77	-25	
83.40	6.18	3.66	-13.28	-25.82	-29	-15.39	-26	
83.44	6.08	3.42	-14.72	-23.99	-23	-15.88	-26	
83.48	6.14	3.05	-16.06	-21.91	-22	-16.32	-27	
83.52	5.76	2.50	-17.23	-19.23	-24	-16.36	-27	
83.56	5.37	2.14	-18.26	-15.87	-26	-16.22	-27	
83.60	5.48	1.65	-19.12	-11.41	-27	-15.94	-26	
83.64	5.63	0.92	-19.74	-5.80	-24	-15.29	-25	
83.68	5.79	-0.37	-19.34	0.43	-26	-13.85	-23	
83.72	5.84	-1.83	-18.64	6.59	-15	-12.18	-20	
83.76	5.81	-2.81	-17.74	11.60	-16	-10.61	-18	
83.80	5.52	-3.48	-16.71	15.26	-17	-9.15	-15	
83.84	5.14	-3.48	-15.59	18.13	-11	-7.81	-13	
83.88	4.81	-3.36	-14.33	21.12	-10	-6.39	-11	
83.92	4.61	-3.23	-12.93	24.17	-8	-4.92	-8	
83.96	4.55	-3.42	-11.40	27.10	-9	-3.42	-6	
84.00	4.39	-3.97	-9.77	29.42	-6	-1.88	-3	
84.04	4.22	-4.52	-8.05	31.62	-4	-0.31	-1	
84.08	3.91	-4.70	-6.28	33.39	0	1.23	2	
84.12	3.69	-4.33	-4.42	35.03	1	2.71	4	
84.16	3.97	-4.09	-2.79	36.07	8	3.77	6	
84.20	3.53	-4.09	-0.95	36.93	3	5.21	9	
84.24	3.07	-6.16	0.88	35.40	5	6.44	11	
84.28	2.60	-6.77	2.66	34.00	15	7.52	12	
84.32	2.44	-6.53	4.40	32.84	10	8.41	14	
84.36	2.58	-4.21	5.40	31.68	12	8.53	14	
84.40	2.17	-3.30	6.95	28.81	17	9.02	15	
84.44	2.03	-2.20	8.37	24.35	18	9.03	15	
84.48	1.86	-2.38	9.71	22.58	11	9.62	16	
84.52	1.54	-2.32	10.95	20.51	13	10.12	17	
84.56	1.29	-2.26	12.07	17.09	8	10.28	17	
84.60	1.20	-1.10	12.97	11.54	15	9.75	16	
84.64	1.37	-0.92	12.86	6.84	16	8.75	15	
84.68	1.59	-1.71	12.63	2.93	17	7.91	13	
84.72	1.42	-2.50	12.16	-0.79	7	7.10	12	
84.76	1.17	-2.99	11.61	-3.85	13	6.35	11	
84.80	1.15	-2.87	10.94	-5.86	6	5.57	9	
84.84	1.01	-2.56	10.24	-6.71	5	5.01	8	
84.88	0.91	-1.34	9.51	-7.51	3	4.32	7	
84.92	0.86	0.00	8.79	-7.02	2	3.85	6	
84.96	0.81	1.59	8.12	-6.23	13	3.43	6	
85.00	1.08	3.36	7.47	-5.49	4	2.88	5	
85.04	1.62	4.70	6.98	-5.31	2	2.28	4	
85.08	2.11	5.55	6.41	-5.37	2	1.66	3	
85.12	2.54	5.74	5.81	-5.25	5	1.13	2	
85.16	2.63	5.86	6.02	-5.31	1	1.21	2	
85.20	3.12	6.10	6.18	-6.16	0	0.96	2	
85.24	3.85	6.16	5.75	-7.39	1	0.21	0	
85.28	3.73	5.98	5.65	-8.61	0	-0.01	0	
85.32	4.21	5.49	4.88	-9.40	0	-0.75	-1	
85.36	4.47	5.00	4.02	-9.83	0	-1.40	-2	
85.40	4.37	4.88	3.31	-9.52	-1	-1.73	-3	
85.44	4.23	5.19	3.18	-8.67	-3	-1.64	-3	
85.48	4.82	5.68	3.17	-8.12	-1	-1.81	-3	
85.52	4.72	5.98	3.03	-8.24	-1	-1.91	-3	
85.56	5.31	5.74	2.32	-8.36	-2	-2.56	-4	
85.60	5.98	4.88	1.79	-8.12	-8	-2.99	-5	
85.64	6.59	3.36	1.56	-7.87	-5	-3.15	-5	
85.68	6.32	1.40	0.91	-7.63	-2	-3.20	-5	
85.72	6.45	-0.37	0.12	-7.32	-4	-3.50	-6	
85.76	6.82	-2.08	-0.31	-6.04	-4	-3.49	-6	
85.80	6.32	-3.85	-0.88	-4.88	-6	-3.26	-5	
85.84	5.93	-6.16	-0.63	-3.23	-9	-2.44	-4	
85.88	5.23	-7.26	-0.58	-2.56	-3	-1.92	-3	
85.92	4.48	-7.14	-0.72	-1.65	-1	-1.59	-3	
85.96	3.81	-5.43	-0.83	-1.04	-3	-1.49	-2	
86.00	3.22	-3.17	-0.82	0.37	-1	-1.25	-2	
86.04	3.09	-0.43	-0.32	1.28	-2	-1.02	-2	
86.08	3.53	1.83	0.02	1.46	-2	-1.17	-2	
86.12	4.07	2.75	0.19	0.67	0	-1.49	-2	
86.16	4.46	2.26	0.53	-0.37	-2	-1.56	-3	
86.20	4.89	0.98	0.69	-1.77	-2	-1.73	-3	
86.24	5.09	-0.55	0.18	-2.99	-2	-2.18	-4	
86.28	4.62	-1.77	-0.19	-3.66	-2	-2.23	-4	
86.32	4.08	-2.44	-0.23	-3.54	-4	-1.97	-3	
86.36	4.00	-2.81	-0.81	-2.75	-2	-2.12	-4	
86.40	3.64	-2.69	-1.25	-1.10	-1	-1.98	-3	
86.44	3.33	-2.62	-1.61	1.53	-3	-1.63	-3	
86.48	3.65	-2.44	-1.28	4.21	-3	-1.08	-2	
86.52	3.53	-2.44	-0.59	5.98	0	-0.29	0	
86.56	3.50	-2.44	0.11	6.29	0	0.21	0	
86.60	3.52	-2.26	0.78	5.68	0	0.48	1	
86.64	3.47	-2.32	1.43	4.82	0	0.75	1	
86.68	3.54	-2.50	2.00	3.60	0	0.88	1	
86.72	3.47	-2.81	1.64	2.32	0	0.48	1	
86.76	3.33	-3.11	1.24	1.53	0	0.17	0	
86.80	2.88	-3.30	1.60	1.40	0	0.56	1	
86.84	2.91	-3.23	2.09	1.22	0	0.81	1	
86.88	3.01	-3.23	1.70	0.61	0	0.42	1	
86.92	2.73	-3.36	1.26	-0.31	0	0.10	0	
86.96	2.72	-3.72	1.66	-1.10	0	0.25	0	
87.00	2.63	-4.21	2.03	-2.14	0	0.37	1	
87.04	2.54	-4.76	1.45	-3.30	0	-0.11	0	
87.08	2.05	-5.13	0.95	-3.91	0	-0.31	-1	
87.12	1.43	-4.58	0.77	-3.72	0	-0.23	0	
87.16	0.89	-3.17	0.49	-3.36	0	-0.29	0	
87.20	0.93	-1.46	-0.05	-3.23	0	-0.79	-1	
87.24	0.95	0.00	-0.60	-2.87	-1	-1.22	-2	
87.28	1.26	0.49	-0.98	-1.65	-2	-1.40	-2	
87.32	1.58	0.98	-1.33	0.00	-1	-1.48	-2	
87.36	1.59	1.28	-0.79	1.71	-2	-0.88	-1	
87.40	2.04	1.34	-0.43	2.81	0	-0.63	-1	
87.44	2.19	1.10	0.15	3.42	0	-0.19	0	
87.48	2.25	0.55	0.76	3.78	0	0.29	0	
87.52	2.47	0.00	0.51	4.03	1	0.16	0	
87.56	2.16	-0.37	1.03	4.15	0	0.65	1	
87.60	2.18	-0.37	1.63	3.54	0	0.90	1	
87.64	2.50	-0.49	2.02	2.01	0	0.77	1	
87.68	2.07	-1.10	1.78	0.00	0	0.47	1	
87.72	1.96	-1.95	1.27	-1.34	0	0.04	0	
87.76	1.42	-2.50	1.09	-2.14	0	0.04	0	
87.80	0.93	-2.14	1.17	-2.81	0	0.11	0	
87.84	0.60	-1.16	0.70	-3.48	1	-0.29	0	
87.88	1.00	-0.24	0.32	-3.91	0	-0.83	-1	
87.92	1.20	0.00	-0.22	-3.60	0	-1.21	-2	
87.96	1.25	0.00	-0.77	-2.38	-2	-1.35	-2	
88.00	1.54	-0.43	-0.45	-0.85	-2	-0.94	-2	
88.04	1.62	-0.43	0.01	0.24	-1	-0.49	-1	
88.08	1.48	-0.49	0.47	0.67	0	-0.06	0	
88.12	1.34	-0.49	0.93	0.31	1	0.20	0	
88.16	1.36	-0.37	0.45	-0.43	0	-0.24	0	
88.20	0.91	0.00	0.31	-1.16	0	-0.34	-1	
88.24	1.32	0.00	0.03	-1.71	0	-0.76	-1	
88.28	1.07	0.49	-0.40	-1.65	-1	-0.97	-2	
88.32	1.49	0.79	-0.69	-1.34	-2	-1.28	-2	
88.36	1.99	1.16	-0.66	-0.79	-2	-1.38	-2	
88.40	2.04	1.34	-0.21	-0.24	-2	-1.04	-2	
88.44	2.54	0.98	-0.21	0.37	0	-1.07	-2	
88.48	2.08	0.00	-0.13	0.85	-1	-0.67	-1	
88.52	1.93	-0.85	0.36	1.28	0	-0.14	0	
88.56	1.88	-1.71	0.87	1.40	0	0.30	0	
88.60	1.33	-2.14	0.98	1.22	0	0.57	1	
88.64	0.85	-2.14	0.79	0.67	2	0.53	1	
88.68	0.43	-1.59	0.50	0.00	1	0.32	1	
88.72	-0.02	-0.43	0.38	0.00	0	0.29	0	
88.76	0.48	1.16	0.40	0.00	0	-0.04	0	
88.80	1.05	2.69	0.36	0.00	0	-0.43	-1	
88.84	1.62	3.48	0.51	0.00	0	-0.62	-1	
88.88	2.15	3.11	0.70	-0.37	0	-0.72	-1	
88.92	2.67	1.83	0.63	-1.16	-1	-0.96	-2	
88.96	2.61	0.31	0.11	-1.65	-1	-1.19	-2	
89.00	2.38	-0.98	-0.35	-1.22	-1	-1.18	-2	
89.04	1.88	-1.71	-0.24	-0.24	-2	-0.68	-1	
89.08	1.35	-1.71	-0.22	0.73	0	-0.31	-1	
89.12	0.88	-0.73	-0.25	1.53	1	-0.12	0	
89.16	0.81	0.67	0.29	2.26	0	0.23	0	
89.20	0.62	2.26	0.78	2.99	0	0.56	1	
89.24	1.16	3.42	1.13	3.17	1	0.50	1	
89.28	1.70	3.72	1.02	3.11	0	0.20	0	
89.32	1.86	3.30	0.70	3.48	0	0.06	0	
89.36	2.24	3.30	0.49	4.21	0	-0.08	0	
89.40	2.79	2.62	0.61	5.92	0	0.17	0	
89.44	3.15	1.16	1.21	6.84	0	0.73	1	
89.48	3.10	-1.65	1.93	6.35	0	1.40	2	
89.52	2.54	-3.36	2.31	3.97	1	1.58	3	
89.56	1.94	-3.54	2.25	1.46	1	1.33	2	
89.60	1.36	-2.56	2.30	0.00	-1	1.20	2	
89.64	1.41	-1.46	2.71	-0.37	0	1.25	2	
89.68	1.69	-0.73	2.34	-1.10	1	0.72	1	
89.72	1.32	-0.31	1.95	-1.34	0	0.52	1	
89.76	1.26	0.73	1.46	-0.55	0	0.27	0	
89.80	1.76	1.71	1.57	1.16	0	0.37	1	
89.84	1.94	2.32	2.11	2.32	2	0.78	1	
89.88	2.17	0.98	2.59	1.71	1	1.03	2	
89.92	2.14	-0.73	3.01	-1.10	1	0.97	2	
89.96	1.88	-1.95	2.41	-4.27	1	0.25	0	
90.00	1.96	-1.95	1.81	-4.27	0	-0.15	0	
90.04	1.58	-3.05	1.33	-2.69	0	0.09	0	
90.08	1.07	-3.17	1.08	-0.61	0	0.50	1	
90.12	1.25	-2.08	1.43	-0.67	0	0.54	1	
90.16	1.20	0.37	1.81	-1.89	0	0.31	1	
90.20	1.19	1.89	1.25	-2.69	0	-0.33	-1	
90.24	1.70	3.42	0.86	-3.23	0	-1.01	-2	
90.28	2.31	4.46	0.63	-1.59	-2	-1.18	-2	
90.32	2.11	6.59	0.74	2.08	-2	-0.60	-1	
90.36	2.46	8.48	1.47	6.84	0	0.38	1	
90.40	2.97	9.64	2.25	8.79	1	0.91	2	
90.44	3.13	7.69	2.17	8.73	0	0.99	2	
90.48	2.92	4.58	2.80	8.91	0	1.81	3	
90.52	3.04	1.10	3.63	9.46	5	2.74	5	
90.56	2.52	-1.83	3.82	8.30	4	3.14	5	
90.60	2.72	-4.64	3.80	5.49	-8	2.84	5	
90.64	2.45	-6.16	4.37	2.81	4	2.96	5	
90.68	1.75	-6.16	4.26	-0.73	2	2.51	4	
90.72	2.00	-5.25	4.15	-5.00	4	1.49	2	
90.76	2.12	-3.36	3.45	-8.18	1	0.25	0	
90.80	2.14	-0.85	2.69	-7.63	0	-0.39	-1	
90.84	2.49	0.37	2.82	-4.39	-1	0.02	0	
90.88	2.30	1.10	3.22	0.24	0	1.10	2	
90.92	2.47	0.73	3.81	3.72	0	2.06	3	
90.96	2.05	0.73	4.10	5.07	4	2.63	4	
91.00	2.48	0.43	4.47	3.66	2	2.48	4	
91.04	2.93	-0.43	4.50	0.61	10	1.88	3	
91.08	2.58	-1.53	4.03	-2.69	0	1.24	2	
91.12	2.32	-1.89	3.43	-4.52	0	0.67	1	
91.16	2.71	-1.28	3.08	-5.62	0	0.06	0	
91.20	2.27	0.00	2.73	-5.55	0	-0.12	0	
91.24	2.76	0.67	2.51	-4.64	0	-0.34	-1	
91.28	3.09	-0.61	2.66	-2.99	0	0.07	0	
91.32	2.53	-2.62	2.54	0.00	0	0.94	2	
91.36	2.08	-4.09	3.00	2.38	0	1.96	3	
91.40	1.64	-3.60	3.52	4.15	2	2.70	4	
91.44	1.42	-1.83	3.23	3.66	3	2.33	4	
91.48	1.65	1.04	3.69	0.85	6	1.73	3	
91.52	2.25	7.45	3.25	-2.20	2	0.03	0	
91.56	3.33	15.75	2.88	-4.76	0	-1.90	-3	
91.60	4.81	25.76	2.76	-6.53	-5	-3.86	-6	
91.64	6.87	39.49	2.39	-8.85	-3	-6.65	-11	
91.68	9.49	54.50	1.76	-10.50	-12	-9.83	-16	
91.72	12.61	66.47	1.48	-7.87	-18	-11.88	-20	
91.76	15.83	69.46	1.49	-2.20	-20	-12.30	-20	
91.80	18.85	66.04	1.90	4.33	-21	-11.60	-19	
91.84	20.89	59.57	2.62	8.73	-16	-10.42	-17	
91.88	22.62	51.03	2.85	12.15	-18	-9.39	-16	
91.92	23.89	40.83	3.85	13.61	-1	-7.91	-13	
91.96	24.67	30.88	4.40	11.78	-1	-7.15	-12	
92.00	25.24	24.78	4.62	6.65	-1	-7.50	-12	
92.04	25.85	22.64	4.37	0.79	-1	-8.70	-14	

