137049.00	-0.14	-0.75	0.88	0.00	0.00	0.19
137056.00	-0.16	-0.86	1.02	0.00	0.00	0.19
137063.00	-0.18	-0.98	1.16	0.00	0.01	0.19
137070.00	-0.20	-1.11	1.31	0.00	0.01	0.19
137077.00	-0.23	-1.24	1.47	0.00	0.01	0.19
137084.00	-0.24	-1.38	1.62	0.00	0.01	0.19
137091.00	-0.26	-1.53	1.78	0.00	0.01	0.19
137098.00	-0.27	-1.67	1.94	0.00	0.02	0.19
137105.00	-0.28	-1.83	2.11	0.00	0.02	0.19
137112.00	-0.29	-2.00	2.29	0.00	0.02	0.19
137119.00	-0.30	-2.17	2.46	0.00	0.02	0.19
137126.00	-0.29	-2.35	2.64	0.00	0.03	0.19
137133.00	-0.29	-2.53	2.82	0.00	0.03	0.19
137140.00	-0.29	-2.72	3.01	0.00	0.03	0.19
137147.00	-0.28	-2.90	3.18	0.00	0.03	0.19
137154.00	-0.26	-3.07	3.34	0.00	0.04	0.19
137161.00	-0.25	-3.23	3.48	0.00	0.04	0.19
137168.00	-0.23	-3.38	3.61	0.00	0.05	0.19
137175.00	-0.22	-3.51	3.73	0.00	0.05	0.19
137182.00	-0.21	-3.63	3.83	0.00	0.05	0.19
137189.00	-0.20	-3.72	3.92	-0.00	0.06	0.19
137196.00	-0.18	-3.81	3.99	-0.00	0.06	0.19
137203.00	-0.17	-3.87	4.04	-0.00	0.07	0.19
137210.00	-0.15	-3.93	4.08	-0.00	0.07	0.19
137217.00	-0.13	-3.97	4.11	0.00	0.07	0.19
137224.00	-0.12	-4.01	4.13	0.00	0.08	0.19
137231.00	-0.11	-4.03	4.15	0.00	0.08	0.19
137238.00	-0.10	-4.05	4.16	0.00	0.08	0.19
137245.00	-0.09	-4.07	4.16	0.00	0.09	0.19
137252.00	-0.08	-4.08	4.16	0.00	0.09	0.19
137259.00	-0.07	-4.08	4.15	0.00	0.09	0.19
137266.00	-0.06	-4.08	4.14	0.00	0.09	0.19
137273.00	-0.06	-4.06	4.12	0.00	0.09	0.19
137280.00	-0.06	-4.05	4.10	0.00	0.10	0.19
137287.00	-0.05	-4.03	4.08	0.00	0.10	0.19
137294.00	-0.05	-4.00	4.05	-0.00	0.10	0.19
137301.00	-0.04	-3.98	4.01	-0.00	0.10	0.19
137308.00	-0.02	-3.95	3.97	-0.00	0.10	0.19
137315.00	-0.01	-3.92	3.93	-0.00	0.11	0.19
137322.00	0.01	-3.88	3.87	-0.00	0.11	0.19
137329.00	0.04	-3.85	3.81	-0.00	0.11	0.19
137336.00	0.07	-3.81	3.75	-0.00	0.11	0.19
137343.00	0.10	-3.78	3.68	-0.00	0.11	0.19
137350.00	0.13	-3.75	3.62	-0.00	0.11	0.19
137357.00	0.16	-3.71	3.55	-0.00	0.12	0.19
137364.00	0.19	-3.67	3.48	-0.00	0.12	0.19
137371.00	0.22	-3.62	3.40	0.00	0.12	0.19
137378.00	0.24	-3.57	3.33	0.00	0.12	0.19
137385.00	0.26	-3.51	3.25	0.00	0.12	0.19
137392.00	0.27	-3.44	3.17	0.00	0.12	0.19
137399.00	0.28	-3.37	3.09	0.00	0.12	0.19
137406.00	0.29	-3.29	3.00	0.00	0.12	0.19
137413.00	0.30	-3.22	2.92	0.00	0.13	0.19
137420.00	0.31	-3.16	2.84	0.00	0.13	0.19
137427.00	0.32	-3.09	2.77	0.00	0.13	0.19
137434.00	0.33	-3.02	2.69	0.01	0.13	0.19
137441.00	0.33	-2.94	2.60	0.01	0.13	0.19
137448.00	0.33	-2.84	2.51	0.01	0.13	0.19
137455.00	0.33	-2.75	2.41	0.01	0.13	0.19
137462.00	0.34	-2.65	2.31	0.01	0.13	0.19
137469.00	0.34	-2.54	2.20	0.01	0.13	0.19
137476.00	0.35	-2.42	2.07	0.01	0.13	0.19
137483.00	0.36	-2.29	1.93	0.01	0.13	0.19
137490.00	0.37	-2.14	1.77	0.01	0.13	0.19
137497.00	0.38	-1.99	1.60	0.01	0.13	0.19
137504.00	0.40	-1.82	1.42	0.01	0.13	0.19
137511.00	0.42	-1.65	1.23	0.01	0.13	0.19
137518.00	0.43	-1.46	1.03	0.01	0.12	0.19
137525.00	0.45	-1.26	0.81	0.01	0.12	0.18
137532.00	0.47	-1.06	0.59	0.01	0.12	0.18
137539.00	0.49	-0.85	0.36	0.01	0.12	0.18
137546.00	0.51	-0.64	0.13	0.01	0.12	0.18
137553.00	0.52	-0.43	-0.10	0.01	0.11	0.18
137560.00	0.53	-0.21	-0.32	0.01	0.11	0.18
137567.00	0.54	0.01	-0.55	0.01	0.11	0.18
137574.00	0.54	0.22	-0.76	0.01	0.10	0.18
137581.00	0.54	0.43	-0.97	0.01	0.10	0.19
137588.00	0.53	0.63	-1.16	0.01	0.09	0.19
137595.00	0.51	0.82	-1.33	0.01	0.09	0.19
137602.00	0.49	1.01	-1.49	0.01	0.08	0.18
137609.00	0.46	1.18	-1.64	0.01	0.08	0.18
137616.00	0.44	1.35	-1.79	0.01	0.07	0.18
137623.00	0.41	1.50	-1.91	0.01	0.07	0.18
137630.00	0.38	1.65	-2.03	0.01	0.06	0.18
137637.00	0.36	1.78	-2.14	0.01	0.06	0.18
137644.00	0.33	1.89	-2.22	0.01	0.06	0.18
137651.00	0.31	1.99	-2.30	0.01	0.05	0.18
137658.00	0.28	2.08	-2.36	0.01	0.05	0.18
137665.00	0.25	2.15	-2.41	0.01	0.04	0.18
137672.00	0.22	2.22	-2.44	0.01	0.04	0.18
137679.00	0.19	2.27	-2.46	0.01	0.03	0.18
137686.00	0.16	2.30	-2.46	0.01	0.03	0.18
137693.00	0.13	2.32	-2.46	0.01	0.03	0.18
137700.00	0.11	2.33	-2.44	0.01	0.02	0.18
137707.00	0.08	2.33	-2.41	0.01	0.02	0.18
137714.00	0.05	2.31	-2.37	0.01	0.02	0.18
137721.00	0.03	2.29	-2.32	0.01	0.02	0.18
137728.00	0.02	2.26	-2.28	0.01	0.01	0.18
137735.00	-0.00	2.23	-2.23	0.01	0.01	0.18
137742.00	-0.02	2.19	-2.17	0.01	0.01	0.18
137749.00	-0.04	2.16	-2.12	0.01	0.01	0.18
137756.00	-0.06	2.12	-2.07	0.01	0.01	0.18
137763.00	-0.07	2.09	-2.02	0.01	0.00	0.18
137770.00	-0.09	2.06	-1.97	0.01	0.00	0.18
137777.00	-0.11	2.03	-1.92	0.01	0.00	0.18